26.80999580341708
27.210549960017058
26.606954298733115
27.763355076190656
26.51001648039154
27.06679128076901
26.715359529547587
26.208435230475843
27.67413239708457
27.229777443655966
27.049802534156548
26.05050974552051
27.514919072454862
26.106764016743053
27.189854098969608
26.99878838599379
26.416362422558162
27.12656258872959
26.964440079108705
26.393878080750476
26.382706983994733
25.73819227149297
26.628266796912182
27.63324292157301
26.003402501734733
25.724136310654675
25.85162291698148
26.018015595288375
26.299540024242763
26.526794264752958
26.681272781196146
26.346358719847917
26.49839166927225
27.363484560055852
25.28750603923603
25.389989960884
26.948086048174872
27.62653975851464
27.773361128093335
27.772652923550577
25.83922397790637
25.9709137775529
26.0456133365809
24.967214921065295
26.8414973063883
26.54332247957042
25.968335934998606
26.91944093950926
22.36392743172363
26.899901890019603
26.936901146970488
24.481348656444233
27.506581111586936
27.35363419961521
26.757910056641382
26.772236049983107
25.68969688016905
26.936098077723937
26.506877111065695
26.756822891568408
28.78085815265464
28.058216363559175
27.435489214903203
27.15416132979541
28.41964784537507
27.968513637061783
27.506610838745132
28.12281686632168
25.642405027515636
26.82801144950131
25.198003274519575
26.59947836929253
26.66750072299929
25.987456141715974
26.359441504994848
25.416362419882276
25.944240365863223
26.783872462790896
27.7900768085029
28.724257259327235
25.90460588223604
27.69697319058224
26.827985489301987
27.039486782015626
27.134513722067137
26.62211784146515
26.243956369285115
26.693840369871314
25.46257765473846
25.560665993780475
25.361615789451005
25.650621692468142
26.464889384591153
26.400361096479884
27.422639725896744
24.363496613602024
27.39296790856369
27.15542090827635
27.851644191492166
26.749641660037856
27.86757611142832
26.949443100200767
25.865383722767593
27.445354706727855
26.1729544564246
26.591508940893743
27.673551490601675
26.207332088395784
27.797039336893878
26.215567065388118
26.56186327641178
27.40565925381657
25.087155197686418
25.302882123644654
27.391147677738385
26.62367125630424
25.586458923007626
26.99699355310143
27.09424267587959
26.315461034642908
25.997727502043695
26.59590411538543
26.540017289859286
27.117486561215927
27.176106673594997
26.484570741095123
26.18376023665648
26.480016785494108
27.617412121885906
24.945110071523573
26.107045263832255
26.364122981784888
26.276886435091722
27.485238464077923
26.2950595594023
25.565721964551233
27.0131836732418
27.199139037319664
26.06012808799162
27.238688311290908
27.770428919145928
27.186675250658055
25.42235323969331
26.69287147626164
26.454376290248067
23.95630016901408
26.684109847204713
25.39121073939025
25.93195074438883
25.635572627618977
27.652235675086324
26.69913017397385
26.663231017431478
26.48291476587811
26.77861488044929
27.630246247896896
25.844620376735588
25.82177990856643
27.699280108674373
27.30585372006856
27.045809168521608
25.71196728661832
26.95366364850812
26.68193906524762
26.982658177705257
26.85607401595371
26.919604508936132
26.898654936996806
26.992124349775708
26.847640332760555
26.688550104606648
27.202724885208706
23.71966979381395
26.04634499381862
25.920205013813945
27.605070287644885
27.876872325086687
26.069279018158102
26.948422512367667
25.713858127442453
26.805402028951693
26.045397515741037
27.58803415069842
25.385813296106235
27.790747219111534
26.330930939909944
27.548172958753245
25.08997024960745
28.128301393023683
26.354963738676382
26.959895926593493
27.567803630430518
26.96030412638527
24.764377992975785
27.258700006714122
26.46639915242771
27.103673102935534
26.579918312890488
26.94844558556788
27.374947692438898
25.83817233640583
26.3028608028357
25.58512650789183
28.101836287523366
26.66912266442816
25.33035882599664
26.551241528745717
24.948337013976808
23.093531067751613
26.487220934670248
25.369837146417908
25.239735357190067
26.901658973265704
25.088046346262505
27.1846967004962
26.344988887053344
26.63884718892528
27.896989682597713
26.313891136214966
27.26477897710285
27.778871233871794
28.3323286518437
26.569066504539073
27.470417063980857
27.690503437556785
27.01121470838288
25.03963924568994
26.962443498779926
26.343528934078368
25.592416996118825
26.561369139676852
25.97320048259416
26.429968545125018
26.35420706047912
25.26476538293494
27.270558387129046
25.718101178027446
25.135859271484804
26.370532968539525
27.224649178351136
26.512202663676522
27.778178685719634
27.253744398382164
25.794264950857045
25.79686204359342
28.09239110700763
27.016564131974263
26.516807556331454
26.417117267708676
27.65998404551687
27.47959827085256
27.256035596314504
24.608879652006717
26.917784755347046
26.897186437204955
25.896720080769068
26.579434504751433
24.54190263229753
24.357582039263676
26.921486870080066
27.045634701967128
27.63347415508104
26.39920801138626
26.049624332606598
26.384867700918054
25.668564308253337
25.334970706996202
26.264413331615117
26.77801546681992
26.682589469064805
26.73801037460524
26.92662765508961
27.75098680280612
26.711305810867337
26.242126103193137
24.67455120361161
27.726416654046925
26.74517791633436
25.188319095741107
25.782569231471843
26.246074476496133
27.27923006268451
25.208078344433257
25.894559720188575
25.206079961271953
25.08633548481882
25.570358353866705
25.904289725409544
26.332761474472502
25.783076603139325
26.628216986982473
26.413482341438822
25.883674331594914
27.108497144186575
25.870064458493935
25.78423048533116
26.33570904517699
26.505614835722085
26.812722790810316
26.662317485837143
27.36804662084633
26.206307985984537
27.415800814806
28.035003588651065
26.805333300303747
25.777818509635733
26.932896784567763
26.11324798313025
27.493118337526425
25.682717501881182
28.088361292891424
27.474006070388548
27.105076711515927
23.359148974315467
26.573850266220543
24.40701817104267
27.000541704757534
26.426421097769172
27.619482056691563
24.79850313715579
26.576262331784555
26.616232532012482
26.252567190845898
25.97349158417646
26.681921825737973
27.06651444553255
27.108600093254697
24.857389094477053
27.7614622230149
26.329595707207837
26.337507568703767
23.70726357012023
25.603512027614286
27.059754512584238
27.154642390311068
26.402224332797154
27.757364679900906
26.702460110181985
26.624732427678463
26.66050149590621
25.941916215485428
27.26679672839641
27.013296558099146
26.704464531032926
27.620204736957678
27.844900758226807
25.398002705272123
27.599535566081588
27.55890740676216
28.161083863728674
27.688532382819755
26.091278954138144
27.02949133742883
25.344496344629867
25.002246674626452
25.55007049848045
26.28422656326857
28.124837207579702
26.896140936709156
25.785147550818586
26.87927389250944
27.298190254662902
26.501441068603995
26.134844091666526
26.279665315605357
26.510978752403993
27.78159665206362
25.054697743956545
26.716283048558232
27.415512130227054
25.705680600912356
27.74797044433176
26.032464276252593
27.880084925309458
25.64281317982557
27.512243690273536
26.513154608373483
26.648608408541538
28.051236483772875
27.29759514664901
27.411457872454914
28.043858644297053
26.786799556380064
27.454655873103494
27.57686910451129
27.07345554262239
28.074098736581618
27.754972982747134
25.09101459664881
27.29195967349216
27.04267988775529
27.20836367587345
26.71236747486158
27.67911603762225
26.873939124093475
27.406276480537407
27.880040637237975
26.866566100255103
26.437142822569964
27.378538839251245
27.019532232543735
27.32405756464664
26.564043574902634
26.941822889933086
25.102340808195965
27.948506469771605
27.26209560507714
28.029070361556954
26.45867156920718
26.941243120540555
27.285259607310735
25.886708436049343
23.604420363780626
27.681878352432363
25.66420759663532
24.257284277870163
28.232148492415575
27.218438452718754
26.714174832616123
27.244694722534927
26.51075871359773
26.769333856510904
25.34012426714739
26.817959301252756
27.330017345652227
26.603597954538913
26.818560006866708
26.480025288729436
27.39532824038863
26.34853641819291
26.467282561745687
26.52056877685016
27.417485032820316
27.39655536951749
26.904271463005273
27.867261364019836
26.959111310022315
26.933450354170585
26.81348579602987
26.16765017881907
25.47148539786122
29.04259360506408
26.35362650770928
28.340689396298373
26.19068949333009
26.428066935928587
26.22504492773354
28.40203666417481
28.577717025069525
28.94314588941363
28.720587579119726
26.268053203920132
27.167225918759666
28.875581773417252
29.22249615289276
27.758388582537613
26.089363284633777
27.659808115722385
28.664516867627547
29.978902546280512
28.99549856098459
26.979587923375313
27.864585977192633
29.09009456216979
28.888570052294064
28.99668837711705
28.246567519851972
29.552578654975292
