34.78834688346883
34.06639566395664
35.96205962059621
35.355555555555554
32.90189701897019
28.46070460704607
22.759078590785908
24.373983739837396
28.82466124661247
31.031165311653126
32.4940379403794
32.59864498644986
32.34281842818427
32.46368563685637
31.626016260162608
30.896205962059618
30.846341463414625
28.785094850948514
28.765311653116527
35.52113821138211
36.54119241192413
35.292953929539294
35.234688346883466
35.49349593495934
35.77913279132791
36.048238482384825
33.59620596205962
29.919241192411924
24.161788617886177
22.766124661246614
25.59810298102981
30.213821138211376
30.46991869918699
31.50081300813008
33.07859078590786
34.76151761517615
34.04959349593496
33.086178861788625
31.75392953929539
31.005962059620607
30.418428184281844
33.12168021680217
35.51761517615176
36.704607046070464
34.8081300813008
34.65772357723578
35.97073170731708
36.158807588075874
34.396205962059625
31.942818428184278
27.58238482384824
23.892953929539292
22.809756097560975
26.982384823848236
29.37046070460705
31.442818428184285
33.5010840108401
34.394308943089435
34.09132791327913
33.75149051490515
31.83983739837398
31.279674796747962
31.989972899728997
32.655555555555566
33.620867208672095
34.99485094850948
36.62710027100271
36.488075880758814
34.677506775067755
34.36883468834688
33.87018970189701
35.68807588075881
35.84579945799458
35.89972899728997
35.813821138211374
34.72872628726287
31.464227642276427
26.443631436314366
24.914634146341463
26.475880758807584
28.052845528455286
30.854471544715445
32.289972899728994
33.88536585365854
34.5070460704607
33.726829268292676
32.92845528455284
33.176693766937674
32.983739837398375
33.33821138211381
34.62493224932249
35.42059620596206
36.46124661246612
35.96883468834688
32.62032520325204
33.53712737127371
35.27533875338754
34.976693766937665
35.360975609756096
35.76124661246612
36.2420054200542
36.52547425474255
35.040921409214086
33.317344173441725
29.56693766937669
25.666937669376686
26.17669376693767
29.255284552845534
30.536856368563683
32.37994579945799
32.78915989159893
32.46856368563686
33.55718157181572
34.01788617886179
32.19322493224932
32.43143631436314
33.989972899729004
36.36964769647696
36.64363143631436
36.704878048780486
35.09972899728997
35.00135501355014
35.631978319783194
35.71924119241192
36.0639566395664
35.15501355013551
34.14092140921409
31.451490514905153
25.80731707317073
25.437940379403795
27.49945799457995
29.53739837398374
31.303252032520316
33.40677506775068
33.381571815718154
32.86368563685637
33.27642276422764
34.12032520325203
32.46612466124661
31.946341463414633
33.70867208672086
36.45745257452575
36.70758807588076
36.803523035230356
37.00650406504065
34.546341463414635
34.56910569105691
36.685365853658546
36.23685636856369
36.27886178861789
36.973441734417335
34.112737127371275
31.648780487804885
28.540921409214093
25.84552845528456
26.086720867208676
27.982655826558265
29.471273712737133
31.270460704607046
33.13143631436314
32.86829268292683
33.175880758807594
33.46016260162602
33.47588075880759
32.944986449864494
31.66747967479675
34.653387533875346
35.633875338753384
36.49132791327913
36.81111111111111
36.856639566395664
36.27913279132791
35.244715447154476
34.32981029810298
36.369376693766945
38.148238482384826
37.96287262872629
37.097018970189694
36.53685636856368
36.30487804878048
33.66151761517615
31.317886178861784
28.97235772357724
28.34552845528455
27.291327913279133
27.739024390243905
29.70081300813008
32.38075880758807
33.41273712737127
34.163685636856364
33.15067750677507
33.42791327913279
35.45040650406504
33.203523035230354
31.791056910569107
33.13414634146341
35.08509485094851
36.142276422764226
36.40623306233063
36.611111111111114
36.12276422764227
35.46314363143632
34.52005420054201
34.25745257452575
35.89322493224932
37.85230352303524
38.18238482384824
37.72059620596206
37.50542005420054
35.92845528455285
35.6880758807588
35.30785907859078
32.80569105691056
28.81924119241192
27.46964769647696
28.44932249322493
28.075338753387534
31.412466124661243
33.664498644986445
33.93279132791328
35.359078590785906
35.420054200542005
35.51571815718157
34.96585365853659
33.628726287262865
32.444444444444436
33.93794037940379
35.18970189701897
35.19268292682927
35.341463414634156
35.5230352303523
35.34417344173441
34.86368563685637
34.77560975609756
33.29918699186992
34.14905149051491
37.52520325203251
35.92764227642276
35.56070460704607
35.448238482384824
34.13143631436314
34.90840108401084
35.010298102981025
31.339295392953932
27.855826558265584
28.51165311653117
30.29756097560976
31.14932249322493
32.52872628726287
33.67506775067751
32.945799457994575
35.84579945799457
35.18644986449864
33.69186991869919
34.047154471544715
34.69457994579946
35.04065040650407
35.355826558265576
35.09756097560976
34.35772357723577
33.93739837398374
33.80785907859079
33.892682926829266
33.93766937669377
34.34932249322493
29.33279132791328
32.17615176151762
34.749864498644996
38.50731707317073
37.264498644986446
35.90731707317073
34.93712737127371
33.69945799457995
33.16937669376694
33.52466124661247
33.80569105691057
31.259349593495926
29.571815718157183
31.996205962059616
33.52574525745258
34.15609756097561
33.8
33.705962059620596
33.993766937669385
34.12330623306234
31.639837398373977
30.65338753387534
31.54878048780488
32.50162601626016
34.08346883468834
34.57831978319784
34.147425474254746
33.989159891598916
33.615718157181576
33.5739837398374
33.56910569105691
33.7550135501355
34.25257452574526
34.34119241192411
28.010840108401084
30.115176151761517
35.422764227642276
39.18373983739837
38.33360433604336
37.2420054200542
35.20785907859079
33.11680216802168
32.071273712737124
32.68834688346884
33.805420054200546
32.02466124661247
32.615989159891605
32.49349593495935
34.46612466124661
35.18807588075881
34.2710027100271
33.0279132791328
33.79322493224932
33.37750677506775
30.602710027100265
31.52493224932249
33.39539295392954
33.811382113821146
33.855013550135496
34.054200542005425
33.65663956639566
33.77723577235771
33.523035230352306
33.82547425474255
33.99891598915988
34.29945799457995
34.366124661246616
34.47642276422764
34.9691056910569
28.135772357723578
29.115989159891598
33.12005420054201
39.61355013550135
38.72330623306233
37.08265582655826
35.40569105691057
32.93604336043361
30.872357723577238
30.760433604336043
32.1880758807588
33.25745257452574
31.291327913279126
33.01219512195122
33.585094850948515
34.614092140921414
35.12466124661247
34.43794037940379
34.02791327913279
32.45040650406504
32.4590785907859
32.69105691056911
34.30216802168022
34.87181571815718
34.9360433604336
34.21897018970189
33.78373983739837
33.69322493224932
33.83604336043361
33.83414634146341
33.77506775067751
34.213279132791335
34.43414634146341
34.060162601626025
34.52791327913279
34.820867208672084
34.78048780487805
28.061246612466118
30.647696476964768
36.869105691056916
39.00596205962059
39.50379403794038
39.430623306233066
39.06747967479675
37.70054200542005
37.23360433604336
35.07994579945799
33.4
31.301897018970188
31.74390243902439
31.975338753387536
30.55691056910569
31.682384823848242
32.494850948509495
33.53414634146341
33.760975609756095
33.797560975609755
34.007317073170725
32.29485094850948
33.19241192411924
31.732791327913283
32.96449864498645
34.11409214092141
34.36666666666667
34.078319783197834
33.74986449864499
33.8170731707317
33.56856368563686
33.740921409214096
33.97560975609757
33.84823848238482
34.109214092140924
34.05474254742548
34.211111111111116
34.40542005420055
34.89078590785907
34.87669376693767
34.57235772357724
28.851219512195122
34.53495934959349
39.68211382113821
40.175338753387535
39.45230352303523
38.82249322493225
38.872086720867216
37.34336043360433
37.18130081300813
36.99241192411924
36.41707317073171
32.929539295392956
31.9349593495935
31.99945799457995
32.68726287262872
32.29132791327912
31.757181571815714
32.585907859078596
32.446070460704604
32.39322493224932
33.37073170731708
31.688075880758806
31.839024390243896
30.331436314363135
32.982926829268294
32.77940379403793
33.07181571815718
33.236043360433605
33.46720867208672
33.60677506775068
33.781842818428174
33.81382113821138
33.48238482384824
33.65718157181572
33.709485094850955
33.920325203252034
34.18536585365853
34.55474254742547
34.5680216802168
34.48482384823848
34.39159891598917
33.94363143631436
33.49485094850948
28.698373983739845
31.858265582655832
39.03821138211382
40.862872628726294
40.36558265582656
39.83766937669377
39.9059620596206
39.826829268292684
39.10867208672087
37.89349593495935
38.99485094850948
36.94254742547425
34.04769647696477
31.414905149051485
32.60189701897019
32.76910569105691
30.805149051490524
28.7609756097561
29.006233062330626
31.79945799457995
31.762059620596204
33.33170731707317
27.19105691056911
28.66720867208672
31.82005420054201
32.85528455284553
32.02737127371274
32.16775067750677
32.6888888888889
32.862872628726294
33.11084010840108
33.53685636856369
33.71517615176152
34.075880758807585
34.11490514905149
34.03279132791327
34.15149051490515
34.5189701897019
34.4929539295393
34.514363143631435
34.328726287262874
33.93550135501356
33.73035230352303
33.391869918699186
27.68536585365853
29.058807588075883
34.6859078590786
39.80569105691057
39.244715447154476
39.80623306233063
38.49674796747967
38.46585365853659
39.47344173441734
40.177777777777784
39.59539295392953
39.076693766937666
36.169918699186994
33.50027100271003
33.08861788617885
29.731436314363144
29.539024390243906
27.530894308943097
26.597289972899727
26.901355013550123
31.409214092140918
30.702981029810296
32.45555555555556
25.787533875338756
28.320325203252033
32.14986449864499
32.768292682926834
31.4130081300813
31.62845528455285
32.024390243902445
32.23766937669377
32.415176151761514
33.30027100271003
33.81544715447154
34.142005420054204
34.355555555555554
34.27317073170731
34.428997289972905
34.30650406504064
34.30081300813008
34.24742547425474
33.76368563685637
33.524390243902445
33.478048780487796
33.35826558265583
27.99647696476965
31.41138211382114
31.551761517615184
35.97615176151762
37.35745257452575
39.11544715447154
39.71436314363144
39.18373983739836
38.20271002710027
37.7059620596206
37.99376693766938
38.4750677506775
36.83821138211382
34.12222222222222
31.86693766937669
29.868563685636854
26.07560975609756
24.32791327913279
25.993766937669374
25.770731707317072
26.722222222222218
28.833062330623306
31.48888888888888
29.615718157181572
28.002981029810297
28.68265582655827
31.59918699186992
32.23116531165312
31.05772357723577
31.199728997289974
31.642005420054204
31.814363143631443
31.87750677506775
32.390514905149054
33.195663956639564
33.890785907859076
34.30081300813008
34.49783197831978
34.52710027100271
34.42222222222222
33.946883468834685
33.723848238482375
33.25257452574526
33.40948509485095
33.35392953929539
33.40135501355014
26.922493224932246
28.276151761517628
29.836043360433603
30.35420054200542
32.583468834688354
31.269918699186995
35.77452574525745
38.84932249322493
39.508401084010835
38.99214092140922
39.420596205962056
38.02682926829269
36.50352303523035
33.634146341463406
32.680216802168026
33.005691056910564
30.21788617886179
27.72818428184282
28.177777777777777
26.54227642276423
26.788346883468837
26.227100271002705
25.852032520325203
26.611111111111107
28.847425474254738
30.359891598915986
28.37533875338753
27.417344173441727
28.7710027100271
30.52411924119241
31.529268292682936
31.03252032520325
31.208672086720867
31.30352303523035
31.334146341463413
31.578590785907856
32.00243902439025
33.25636856368563
33.65013550135502
34.23279132791328
34.49485094850948
34.39566395663957
34.11490514905149
33.73224932249323
33.25555555555556
32.892411924119244
33.081029810298105
33.06747967479674
32.96747967479675
26.119783197831975
27.22574525745257
30.225474254742544
32.920054200542005
34.844715447154464
35.92520325203252
36.75528455284553
38.16260162601626
38.309756097560985
37.46883468834689
38.891598915989164
38.16395663956639
34.801897018970195
32.357994579945796
30.907317073170724
30.98861788617886
30.887262872628725
27.078319783197827
29.679674796747964
30.762330623306234
30.622222222222216
29.279132791327914
27.539024390243902
26.635230352303516
26.93658536585366
29.668021680216803
31.08319783197832
27.597831978319782
27.58319783197832
28.380758807588073
30.529539295392947
30.77560975609756
31.03279132791328
31.244715447154476
31.139566395663955
31.138482384823853
31.47750677506776
32.27994579945799
32.98617886178862
33.52926829268293
34.09322493224932
34.27642276422764
33.65691056910568
33.50081300813009
33.36341463414634
33.44254742547425
32.746070460704615
32.91951219512195
32.84905149051491
32.77886178861789
26.30948509485095
27.191869918699183
29.08563685636857
33.488346883468836
33.76693766937669
32.110027100271
35.65880758807588
36.71246612466125
37.89701897018969
39.635501355013545
36.543902439024386
34.02818428184281
37.62818428184282
34.85013550135501
32.922222222222224
30.63821138211382
30.196205962059615
27.724661246612463
25.6390243902439
29.815718157181568
31.979403794037943
30.95636856368564
30.49756097560976
29.089430894308947
27.930894308943085
26.27886178861789
26.854471544715448
27.9810298102981
30.626558265582663
28.02520325203252
26.34471544715447
28.183197831978323
30.21626016260163
31.236314363143627
31.727913279132785
32.11734417344173
31.308943089430887
31.086178861788614
31.482926829268287
31.650406504065035
32.169376693766935
32.78834688346883
33.273983739837405
33.43631436314364
33.33224932249323
33.145799457994585
33.00975609756098
32.62113821138211
32.672086720867206
32.63577235772358
32.974796747967474
32.925474254742554
25.795663956639565
28.61571815718157
29.681571815718154
32.967479674796756
34.80731707317073
33.47560975609756
30.982384823848243
35.96856368563686
37.67018970189702
39.19268292682927
40.08807588075881
36.295392953929536
35.233333333333334
36.860162601626016
34.84986449864499
32.67994579945799
30.677235772357722
29.017073170731702
28.672899728997294
27.984823848238477
31.984552845528448
30.93387533875339
29.84986449864499
29.453929539295387
27.696747967479666
28.323035230352303
28.55582655826558
27.894308943089435
27.85853658536585
26.049322493224935
27.549322493224924
23.170189701897023
25.53306233062331
27.7460704607046
30.18184281842818
30.513008130081307
30.47018970189702
30.856639566395664
30.777506775067753
31.388075880758812
31.946612466124655
32.14173441734417
32.60758807588077
32.89945799457995
33.270460704607046
33.12818428184282
33.21761517615177
33.42140921409214
33.09593495934959
32.86531165311653
32.6560975609756
32.771002710027105
32.70514905149051
26.34363143631436
28.296747967479682
32.57723577235772
34.3989159891599
34.98048780487805
30.95365853658537
26.05691056910569
33.357723577235774
35.58373983739837
39.88482384823849
38.608672086720865
32.3029810298103
36.0639566395664
36.99945799457994
37.13631436314363
32.56531165311653
30.567208672086725
31.009214092140915
27.81273712737127
30.066124661246608
30.85853658536584
29.857723577235777
28.63821138211382
30.222764227642283
27.98861788617886
29.49647696476965
30.591327913279137
28.599728997289976
26.67533875338753
24.007046070460703
26.18265582655827
25.5289972899729
22.558536585365854
27.653929539295394
28.49485094850948
28.962059620596214
29.564769647696483
30.31138211382114
30.7219512195122
31.41842818428184
31.985365853658532
32.276151761517625
32.65501355013551
32.814905149051484
33.13414634146342
33.228997289972895
33.45691056910569
33.22737127371275
33.43929539295392
32.95149051490516
32.546883468834686
32.55582655826558
32.310027100271
25.291327913279133
27.259620596205956
30.723577235772364
34.03658536585366
35.25365853658537
34.24742547425474
26.59756097560976
26.620054200542008
33.78455284552847
37.1810298102981
37.53387533875339
36.00189701897019
34.981300813008126
32.66016260162601
36.39430894308943
36.03929539295393
32.68184281842819
31.492140921409213
31.176422764227645
27.516531165311648
30.77560975609756
31.185636856368564
29.326016260162607
29.79593495934959
31.49674796747967
30.079674796747963
31.754471544715454
31.228455284552844
29.63035230352304
26.885636856368563
24.758807588075882
21.891327913279135
24.931707317073172
21.535230352303522
26.32439024390244
27.045799457994583
28.276964769647698
29.795934959349598
30.860704607046067
31.390785907859083
31.847696476964767
32.453387533875336
32.602168021680214
32.892682926829266
33.14607046070461
33.12330623306234
33.30623306233062
33.31788617886179
33.17642276422764
33.07831978319783
32.63279132791328
32.560162601626025
32.221138211382105
31.929539295392953
23.69728997289973
26.724932249322496
29.149864498644984
33.050135501355
34.488617886178865
33.33035230352304
27.659891598915994
22.18888888888889
28.789430894308943
32.19376693766937
32.99972899728997
32.82330623306233
31.20569105691058
32.150135501355
33.06693766937669
32.41192411924119
32.46422764227641
31.920054200542005
30.453387533875343
27.641734417344175
27.96151761517615
30.407859078590793
31.65176151761518
32.62059620596206
31.72981029810298
31.79430894308943
32.01056910569106
30.128184281842817
26.607046070460704
25.913550135501357
24.524390243902438
21.063956639566392
22.3420054200542
25.614092140921407
22.06829268292683
26.23252032520325
29.395663956639567
29.864227642276415
30.123848238482385
31.137398373983746
31.802439024390246
32.077506775067754
32.35040650406504
32.58807588075881
32.65420054200541
32.74986449864498
32.50921409214092
32.454471544715446
32.57994579945799
32.55365853658536
32.39647696476964
32.05365853658537
31.981571815718155
31.78563685636857
31.4650406504065
22.649322493224933
23.397289972899728
29.611924119241188
32.569376693766934
33.85230352303522
32.94986449864499
27.79837398373984
22.510027100271003
26.053387533875338
27.896747967479683
30.88780487804878
31.25474254742547
30.918157181571814
29.857181571815715
30.65718157181572
30.86178861788618
30.644173441734416
29.335501355013548
29.424119241192415
28.61246612466125
24.289972899728994
24.220596205962057
24.540921409214096
29.111924119241195
31.31165311653117
31.36341463414634
28.0531165311653
28.87669376693767
27.54010840108402
22.877777777777776
18.705962059620596
18.455013550135504
19.531436314363145
23.617344173441733
24.584010840108398
23.24850948509485
28.449864498644992
30.33685636856369
31.411111111111115
31.822764227642278
31.701626016260157
32.06666666666667
32.02628726287263
32.02899728997291
32.231165311653115
32.052032520325206
31.964769647696478
32.09268292682927
32.12384823848238
32.24308943089431
32.135772357723575
31.82330623306233
31.457723577235775
31.25989159891599
31.03441734417343
31.06666666666667
26.121951219512198
27.74607046070461
32.37533875338753
32.59783197831979
32.805420054200546
28.23089430894309
22.446341463414633
23.949322493224933
27.263685636856366
29.99810298102981
30.49674796747967
29.789159891598917
28.691598915989157
29.523035230352303
29.947154471544717
29.958807588075878
29.08238482384824
27.48184281842818
27.40379403794038
29.64146341463415
27.442276422764234
24.030081300813006
23.10921409214092
26.7609756097561
31.107317073170726
31.266937669376688
31.67344173441735
28.258536585365857
29.361517615176147
25.68428184281843
23.820596205962058
21.208672086720867
21.068021680216802
21.39918699186992
23.204336043360435
25.77967479674797
29.875338753387524
30.862330623306228
31.461788617886185
31.781842818428174
31.84308943089431
31.730623306233063
31.513821138211377
31.456097560975614
31.624932249322494
31.81626016260163
31.869105691056916
31.816260162601623
31.987533875338748
32.147696476964775
32.16287262872629
31.74010840108401
31.128997289972897
30.650135501355017
30.61138211382114
30.87479674796748
27.421951219512188
28.452303523035233
30.326829268292677
33.34932249322493
33.576693766937666
30.827371273712732
24.17777777777778
24.78509485094851
28.327642276422758
30.1449864498645
30.701084010840106
29.0010840108401
27.574525745257453
26.109485094850946
27.68536585365854
29.657452574525745
28.706504065040654
26.958265582655834
27.615176151761528
28.504607046070458
30.36612466124661
30.18617886178862
27.111111111111107
24.564769647696476
27.0929539295393
29.003794037940377
32.73929539295393
32.010840108401084
30.0669376693767
26.54390243902439
28.392140921409208
27.10975609756098
21.762872628726285
20.673170731707316
20.519783197831977
21.906775067750676
23.756910569105692
26.84227642276423
28.346883468834687
29.562872628726286
30.333062330623306
30.562601626016253
30.491598915989158
30.85338753387534
30.916802168021672
31.178590785907858
31.344173441734416
31.446612466124662
31.509214092140923
31.567208672086718
31.90460704607046
32.06829268292683
31.653116531165317
30.951761517615182
30.29945799457995
30.34119241192412
30.788346883468837
23.359078590785906
27.00569105691057
27.89268292682927
32.357723577235774
33.608130081300814
32.795392953929536
27.520325203252032
23.394037940379405
26.64579945799458
30.629539295392952
31.525745257452577
30.333604336043358
28.27425474254743
27.757723577235772
27.9219512195122
27.120596205962062
28.065040650406495
26.833875338753394
25.932249322493227
27.190514905149048
29.561788617886172
29.936585365853666
31.554200542005418
29.666124661246613
27.60569105691057
23.742547425474253
28.649593495934955
29.99593495934959
26.78292682926829
29.55040650406504
29.805420054200546
28.021138211382116
24.00677506775068
22.97777777777778
20.22439024390244
19.254742547425472
21.107859078590785
24.271544715447156
26.270731707317072
27.371815718157183
28.479945799457994
29.061788617886172
29.662601626016254
29.995392953929542
30.19891598915989
30.528726287262874
30.878048780487802
31.04878048780488
30.917344173441734
31.282655826558262
31.148238482384823
31.322764227642285
31.301897018970188
31.22547425474255
30.895121951219505
30.55826558265583
30.378319783197828
30.40758807588076
22.329268292682926
25.75040650406504
27.209485094850947
33.52953929539295
32.79972899728996
29.11409214092141
25.739566395663964
26.026287262872625
28.81869918699187
31.011382113821146
31.753116531165308
31.21165311653117
30.388888888888886
29.048509485094847
28.016802168021684
28.119241192411927
27.998102981029813
27.427642276422766
26.74850948509485
27.362872628726286
29.192953929539293
30.286449864498657
30.30216802168021
29.674796747967473
27.8490514905149
24.289159891598917
25.37506775067751
25.901355013550138
28.76151761517615
28.227913279132792
26.6810298102981
26.178048780487806
25.43252032520325
22.39810298102981
23.348509485094848
20.62547425474255
19.514092140921413
25.428455284552847
28.321951219512197
28.656639566395654
29.075880758807596
28.949322493224923
29.581029810298112
30.075880758807592
30.3940379403794
30.37533875338753
30.8070460704607
31.180758807588074
31.236856368563686
31.029539295392958
30.76910569105691
30.66314363143631
30.356097560975616
30.428455284552854
30.584281842818427
30.815989159891597
30.554471544715444
30.19186991869919
18.098373983739837
22.369376693766938
24.94092140921409
29.836856368563684
34.75636856368564
30.17479674796748
26.383739837398373
27.134146341463413
28.962330623306237
30.25609756097561
30.05230352303523
30.447154471544717
30.290514905149045
30.392953929539296
29.962330623306237
29.03279132791328
28.907859078590786
27.799728997289968
27.147425474254742
27.104336043360426
27.951761517615175
30.3479674796748
30.934417344173436
29.27533875338753
28.781029810298104
28.860704607046074
24.79728997289973
24.875067750677506
27.69457994579946
29.99539295392953
29.370189701897022
27.806504065040656
27.518428184281845
26.17479674796748
23.921680216802173
22.74634146341463
21.35257452574526
19.773712737127372
25.792140921409214
28.61165311653117
29.200271002710032
29.588888888888892
29.24417344173442
29.598102981029808
29.95880758807588
30.38943089430894
30.382113821138212
30.35772357723577
31.05121951219512
31.274525745257456
30.082926829268295
29.98834688346883
29.996205962059623
29.947696476964772
29.772086720867215
30.071544715447153
30.304065040650407
30.08157181571816
29.604878048780485
23.079674796747966
26.428184281842825
29.15338753387534
34.165311653116525
29.075338753387534
27.077506775067754
26.41869918699187
27.388075880758812
28.718699186991877
30.27723577235772
29.837398373983746
30.49566395663957
29.918970189701895
30.289701897018972
30.175880758807587
29.469105691056917
28.811111111111114
26.54552845528455
27.17588075880759
28.371273712737132
30.429539295392953
30.34905149051491
29.760704607046062
30.04227642276423
27.263143631436314
25.36910569105691
21.41788617886179
21.447967479674794
23.97994579945799
26.383468834688347
26.68590785907859
27.244715447154476
26.608401084010843
24.4319783197832
22.04308943089431
21.897289972899728
20.608672086720865
25.067750677506776
27.38265582655827
28.348780487804873
28.84308943089431
29.571273712737128
30.19457994579946
30.26205962059621
30.213008130081295
29.80054200542005
29.676964769647704
29.87289972899729
29.69349593495935
29.30623306233062
29.320867208672087
29.5319783197832
29.488617886178865
29.288617886178866
29.686449864498655
29.371815718157183
29.07560975609756
28.810027100270997
25.0929539295393
25.361517615176147
24.76422764227642
26.659620596205958
27.804065040650404
28.564498644986458
27.53658536585366
26.584823848238482
27.139566395663955
28.05907859078591
30.082655826558266
30.482655826558265
30.615447154471543
30.298644986449858
28.796205962059624
27.642005420054197
27.3550135501355
27.28644986449865
26.46720867208672
27.13631436314363
29.66124661246612
29.74634146341463
26.695934959349593
25.472357723577236
25.23062330623306
25.56531165311653
26.885636856368563
25.90325203252032
25.65582655826558
26.240379403794037
26.209485094850947
24.2249322493225
23.61761517615176
21.419512195121946
24.09918699186992
24.167750677506778
26.387262872628725
27.871544715447158
28.23170731707317
28.954742547425468
30.27777777777778
30.43821138211382
30.0970189701897
29.574254742547424
29.047696476964774
28.9260162601626
28.548509485094847
28.806504065040645
28.546883468834686
28.52655826558266
29.0349593495935
28.98265582655828
29.07452574525745
28.64525745257452
28.48021680216802
28.334146341463413
24.273712737127372
26.231707317073166
28.335501355013548
27.390514905149047
26.398102981029815
27.64146341463415
27.07642276422764
27.058807588075883
26.414905149051492
26.604878048780485
28.330081300813003
28.698644986449864
29.16829268292683
28.139566395663962
29.064769647696483
28.003794037940377
26.271815718157182
25.261788617886175
26.128726287262868
26.19945799457995
26.389701897018973
27.80189701897019
28.966937669376687
28.70677506775068
26.46883468834688
24.971544715447155
25.063143631436315
25.915989159891602
26.584281842818427
25.96991869918699
25.917344173441734
26.291327913279126
26.043360433604335
25.40514905149052
25.50406504065041
24.86233062330623
25.107046070460704
26.16747967479675
28.10542005420054
28.863956639566396
29.059620596205963
29.27506775067751
29.332249322493233
29.517344173441728
29.399186991869914
29.16720867208672
28.90135501355014
28.757723577235772
28.58319783197832
28.601084010840104
28.32574525745257
28.22737127371274
28.3929539295393
28.51788617886179
28.49403794037941
28.57371273712737
28.33008130081301
27.91246612466124
21.189159891598912
25.03956639566396
27.901626016260167
28.18428184281843
25.96314363143631
26.90027100271003
26.617615176151766
25.40731707317073
25.72547425474255
26.398373983739837
26.801626016260162
27.92628726287263
27.989159891598923
28.26856368563686
28.209485094850947
28.465853658536595
27.762872628726292
28.133062330623307
27.783468834688346
27.266124661246614
26.568292682926824
26.8940379403794
27.296476964769646
27.03739837398374
26.95284552845528
25.83279132791328
24.950948509485094
23.52981029810298
24.309756097560978
25.07181571815718
25.19268292682927
25.1
26.159891598915987
26.2159891598916
26.67560975609756
26.401084010840105
25.602168021680217
24.78021680216802
27.197560975609758
28.579403794037937
28.66910569105691
28.22276422764228
28.33035230352304
28.67317073170732
28.859078590785906
29.01111111111111
29.16476964769648
29.01815718157182
28.85176151761518
28.67588075880759
28.557994579945802
28.5490514905149
28.469918699186998
28.39186991869919
28.420054200542012
28.28319783197832
28.20569105691057
27.7609756097561
27.469376693766936
21.457994579945794
24.091869918699185
27.532791327913287
27.872357723577238
24.796476964769646
25.692411924119245
25.163414634146342
25.06531165311653
26.644173441734416
26.732791327913283
27.135501355013552
26.014363143631435
27.885907859078593
29.351219512195122
28.686720867208663
27.18021680216802
28.99810298102981
30.999999999999993
30.993495934959363
30.552574525745264
29.476422764227646
28.82764227642276
28.27886178861789
27.860704607046074
26.535230352303522
25.720867208672086
24.338482384823852
22.552845528455286
23.278319783197826
23.459891598915988
22.02032520325203
25.624119241192414
27.823577235772365
27.475609756097562
27.186178861788626
27.918970189701902
27.02764227642276
26.96964769647696
27.75067750677507
27.315447154471542
27.576693766937666
28.31327913279133
28.84742547425474
28.853116531165313
28.86829268292683
29.213008130081306
29.15636856368564
29.06964769647696
28.967750677506768
28.993495934959345
29.01788617886179
29.01355013550136
28.730352303523023
28.631707317073165
28.928455284552843
28.860162601626023
28.08130081300813
27.36991869918699
26.78672086720867
24.414634146341466
27.62710027100271
26.128455284552842
23.70569105691057
24.420054200542005
25.258536585365853
26.29268292682927
26.5970189701897
26.632791327913274
27.127371273712736
27.41056910569106
27.234688346883466
28.153116531165306
28.637127371273714
28.926558265582663
30.825745257452574
29.59756097560976
27.527913279132793
27.335772357723577
27.87046070460705
27.6130081300813
27.30271002710027
27.892953929539296
27.863956639566396
25.450948509485094
24.21409214092141
22.742818428184282
22.013550135501355
20.87560975609756
23.79430894308943
26.766395663956644
28.5349593495935
28.211924119241182
27.020054200542006
28.03008130081301
27.81056910569106
27.50677506775068
27.82926829268293
27.89512195121951
28.305962059620594
29.0479674796748
29.633875338753388
29.542276422764225
29.166124661246613
29.34715447154472
29.227913279132785
29.081571815718156
29.102981029810298
29.17154471544715
29.32574525745257
29.189159891598923
28.717344173441738
28.62520325203252
28.374254742547425
28.310027100270997
27.811111111111103
27.11219512195122
26.497018970189696
23.63116531165312
26.015176151761516
25.77560975609756
24.462059620596207
23.621951219512194
24.459349593495933
25.475067750677503
25.79674796747967
25.52981029810298
25.783468834688346
26.455826558265585
27.467750677506768
28.052845528455283
30.019512195121955
31.058807588075883
28.912466124661258
26.382113821138212
24.399728997289976
23.488075880758807
23.79051490514905
24.3550135501355
26.21626016260163
27.25663956639566
27.33008130081301
26.363143631436316
24.21436314363143
22.024390243902438
21.32222222222222
21.451761517615175
22.017615176151757
25.186720867208674
28.145528455284555
28.62249322493225
27.13983739837398
27.814905149051487
28.476422764227635
27.80054200542005
27.521680216802167
27.64742547425474
27.42872628726287
26.41219512195122
28.34823848238482
29.177777777777777
29.649864498644984
29.749051490514898
29.5
29.299728997289968
29.335501355013548
29.56531165311652
29.233062330623305
28.722222222222218
28.541734417344166
28.259349593495934
27.67913279132791
27.38753387533875
27.205962059620596
26.745799457994583
26.544173441734415
21.6739837398374
25.623848238482385
25.53360433604336
24.678861788617887
23.027642276422764
26.637669376693765
26.204607046070457
24.733062330623305
25.31273712737127
25.31978319783198
24.889159891598915
24.847154471544716
27.084552845528464
29.39864498644986
29.91355013550135
26.746612466124663
25.023035230352306
23.822764227642274
23.611924119241188
24.591056910569105
24.421951219512195
24.49430894308943
24.784552845528456
25.460162601626017
24.47588075880759
23.568021680216802
21.243360433604334
20.54552845528455
21.128184281842817
22.72628726287263
25.696747967479666
28.508130081300806
28.80108401084011
25.52222222222222
27.33224932249322
28.46829268292683
28.067208672086718
27.859891598915986
27.534688346883463
26.376693766937667
25.979132791327906
27.634146341463413
28.48644986449865
29.19810298102981
29.250677506775077
29.27588075880759
29.123577235772352
29.205420054200538
29.415176151761518
28.87208672086721
28.312737127371275
28.125474254742546
27.508130081300813
27.026558265582658
26.891056910569112
26.70081300813008
26.826287262872626
26.71761517615176
20.663956639566397
25.22628726287263
25.694037940379406
23.57750677506775
23.103794037940382
26.90840108401084
25.899999999999995
26.296476964769646
25.64336043360434
25.437940379403795
23.787533875338752
23.503252032520326
26.546341463414638
27.483197831978323
27.209485094850947
26.11409214092141
24.268021680216798
23.96260162601626
24.718699186991866
25.344715447154474
25.236314363143627
24.717073170731705
24.410027100271005
23.618970189701898
22.647967479674797
22.09539295392954
21.355013550135503
21.05934959349593
21.667750677506774
23.67831978319783
26.716531165311647
28.43766937669377
26.815176151761516
27.051761517615184
28.102168021680217
28.362601626016254
28.319512195121945
28.25826558265582
27.85934959349593
27.913279132791324
28.18590785907859
28.038482384823844
28.12032520325203
28.489159891598927
28.85772357723577
28.747425474254744
28.700271002710025
28.66639566395664
28.6680216802168
28.52981029810298
28.15962059620596
27.60921409214091
26.659078590785906
26.665582655826558
26.52330623306233
26.960975609756098
27.208672086720867
26.74173441734417
20.247154471544718
24.446341463414637
25.951761517615175
24.196747967479673
22.46449864498645
25.97181571815718
26.404607046070463
26.441192411924117
26.065582655826553
24.887533875338754
24.40921409214092
23.825745257452574
24.8
23.012737127371274
25.369105691056912
25.087262872628724
24.61192411924119
24.739837398373982
25.3710027100271
25.60975609756098
25.769647696476966
24.840650406504068
25.21680216802168
24.524932249322497
23.455826558265585
22.421409214092144
22.76991869918699
22.016531165311655
23.076964769647695
24.873983739837403
26.778319783197833
27.38509485094851
28.285907859078595
28.432791327913286
28.478861788617888
28.570189701897014
28.440379403794037
28.47425474254743
28.10460704607046
28.111111111111114
27.860704607046067
27.785907859078588
27.797831978319778
27.9739837398374
28.107859078590792
27.99485094850949
28.06287262872629
28.12574525745257
27.90054200542005
27.809756097560978
27.70243902439024
27.237669376693766
26.46260162601626
26.250677506775066
26.658265582655833
26.611382113821133
26.290514905149053
26.13468834688347
19.745257452574528
22.25420054200542
24.37479674796748
23.57262872628726
23.747425474254737
26.391598915989157
26.860704607046074
27.965582655826562
29.34363143631436
29.159891598915994
28.474254742547423
25.44688346883469
25.127642276422765
25.59512195121951
26.87967479674797
26.663414634146342
25.213550135501357
25.667208672086723
25.676964769647697
25.538211382113822
25.14850948509485
24.464498644986453
23.98644986449865
24.29457994579946
25.178590785907858
25.339837398373987
24.190243902439025
24.646341463414636
25.90514905149052
26.50162601626016
27.357181571815723
28.142818428184274
28.72520325203252
28.879132791327912
28.72032520325203
28.810027100270997
28.48021680216802
28.433062330623308
28.039566395663957
27.685636856368564
27.50162601626016
27.502168021680216
27.373441734417344
27.448509485094853
27.55663956639566
27.513008130081307
27.5070460704607
27.53143631436314
27.433604336043363
27.06368563685637
27.45447154471545
27.229810298102983
26.476151761517617
26.23766937669377
26.490785907859085
26.159891598915987
25.510298102981032
25.27859078590786
20.3739837398374
22.031165311653115
23.534146341463416
21.83550135501355
21.12764227642277
21.25067750677507
25.495663956639568
27.926829268292686
28.357181571815726
29.442005420054194
29.5289972899729
28.5840108401084
25.403252032520324
26.930081300813008
27.208672086720874
27.452574525745263
27.18346883468835
25.884552845528457
25.571815718157186
25.705420054200538
24.557723577235777
23.870460704607044
24.07289972899729
23.851761517615174
24.89403794037941
24.741463414634147
24.133062330623307
24.53062330623306
25.893766937669376
26.445528455284556
27.071544715447153
27.860975609756103
28.523035230352303
28.86531165311653
28.915447154471554
28.80108401084011
28.635772357723585
28.434417344173436
28.16233062330623
27.681029810298106
27.39430894308943
26.8509485094851
26.67425474254743
26.789430894308943
26.754200542005417
26.78888888888889
26.921409214092137
26.680487804878048
26.339024390243907
26.389430894308948
26.723306233062335
26.985636856368558
26.300271002710026
26.085094850948508
26.056639566395667
25.997831978319784
25.245257452574528
25.08238482384824
20.755555555555556
22.665853658536584
23.828726287262874
22.440108401084007
19.338753387533874
19.072357723577234
24.547696476964767
26.785907859078588
29.342547425474255
29.513821138211387
28.745799457994586
28.666666666666668
28.470460704607046
26.728184281842818
26.776693766937672
26.78455284552846
26.313550135501355
25.489701897018968
25.031436314363145
25.381842818428186
24.762330623306234
24.506775067750674
24.395392953929537
24.929810298102982
25.378861788617883
24.42981029810298
23.867479674796748
24.454471544715442
25.307046070460704
25.591869918699185
26.60975609756098
27.61598915989159
28.372357723577238
28.557723577235766
28.703523035230347
28.54471544715447
28.413279132791324
28.44336043360434
28.354742547425474
27.67046070460704
27.165040650406503
26.503794037940377
26.07723577235772
25.924932249322495
26.01815718157182
26.139566395663955
26.26585365853658
26.098915989159888
25.846883468834687
25.7840108401084
26.159349593495932
25.995392953929535
25.831436314363145
25.85555555555556
25.84471544715447
25.499999999999996
24.840650406504064
24.962330623306233
20.40921409214092
21.955284552845526
23.576151761517615
23.43739837398374
20.53252032520325
19.096747967479672
21.902168021680218
25.39485094850949
28.562872628726296
29.241734417344173
28.122493224932253
27.57886178861789
26.989430894308942
26.291869918699188
26.107046070460704
25.375067750677506
24.571544715447157
24.776964769647698
25.320054200542003
25.350948509485097
23.697560975609754
23.743089430894308
23.720054200542005
25.59620596205962
25.92276422764228
25.365853658536587
24.681029810298103
25.29051490514905
25.53008130081301
25.65663956639566
26.855013550135503
27.506233062330626
28.03766937669377
28.265853658536592
28.26260162601626
28.28807588075881
28.116802168021685
27.978590785907862
28.077506775067754
27.43631436314363
26.8869918699187
26.2840108401084
25.909485094850947
25.681300813008125
25.577506775067754
25.740921409214092
25.722222222222218
25.63794037940379
25.55962059620596
25.43387533875339
25.646883468834687
25.53848238482385
25.53387533875339
25.75826558265583
25.99512195121951
25.453929539295395
24.584281842818427
24.34850948509485
20.191869918699187
18.027642276422764
17.22981029810298
21.842276422764222
22.463143631436314
21.11409214092141
18.366666666666667
20.950406504065036
24.920054200542005
27.100813008130075
27.700271002710032
27.44390243902439
26.89268292682927
26.70569105691057
26.60379403794038
26.172086720867206
25.18753387533875
24.868834688346883
24.708130081300816
24.649051490514903
25.056639566395667
22.998644986449868
22.709485094850944
23.54390243902439
25.198102981029812
25.644986449864497
25.666124661246613
25.903523035230354
26.1520325203252
26.28536585365854
26.33794037940379
26.882655826558267
27.460704607046075
27.838482384823852
27.623035230352297
27.571273712737128
27.533875338753386
27.517615176151764
27.738753387533876
27.23658536585366
26.99972899728997
26.63170731707317
26.127371273712736
25.741192411924118
25.42439024390244
25.160162601626013
25.172357723577235
25.437940379403795
25.62764227642277
25.458536585365852
25.460704607046072
25.25149051490515
25.155826558265584
25.20650406504065
25.46775067750678
25.555555555555554
25.06476964769648
24.251219512195124
23.9130081300813
20.2739837398374
20.27886178861788
20.548509485094854
20.871544715447154
21.442818428184278
20.00162601626017
17.795392953929536
17.618428184281843
22.0289972899729
26.18130081300813
26.013279132791332
25.30243902439024
26.063685636856366
26.096476964769646
25.54010840108401
24.922493224932253
24.297018970189704
24.56341463414634
24.82710027100271
23.313550135501355
23.945528455284553
21.99647696476965
21.793224932249323
23.328726287262874
24.352303523035225
25.022222222222222
25.42249322493225
25.759349593495934
26.23658536585366
25.721680216802163
25.737940379403796
26.56287262872629
27.104336043360426
27.291327913279126
26.94525745257453
26.603252032520327
26.335230352303522
26.46639566395664
26.825474254742545
26.857994579945803
26.546612466124664
26.24010840108401
25.831978319783197
25.282113821138214
24.690243902439025
24.58211382113821
24.973712737127368
25.51544715447155
25.56937669376694
24.992411924119242
24.87181571815718
24.714905149051493
24.52737127371274
25.065853658536582
25.420867208672085
24.962872628726288
24.34281842818428
23.869918699186993
23.477506775067752
19.85989159891599
20.314363143631432
21.358536585365854
20.830081300813013
20.93929539295393
17.721951219512196
17.79620596205962
16.279945799457995
17.975067750677503
21.60514905149051
24.25528455284553
23.738753387533873
23.979132791327913
25.131165311653113
22.27560975609756
20.75067750677507
23.336314363143632
22.69186991869919
23.201626016260164
21.621138211382117
21.03116531165312
20.16260162601626
21.316260162601626
22.773983739837398
23.737940379403796
24.540379403794038
24.381571815718157
24.797018970189704
25.66829268292683
25.967479674796742
26.034146341463412
25.453116531165314
25.734688346883473
26.098915989159895
25.72222222222222
25.133333333333333
24.543360433604335
24.90840108401084
25.276964769647694
25.514905149051486
25.601626016260163
25.622222222222224
25.474796747967478
24.678861788617887
24.246341463414637
24.327371273712735
24.712737127371273
24.87859078590786
24.111382113821136
23.645528455284555
23.818428184281846
23.560162601626015
23.55149051490515
24.53441734417344
24.813821138211377
24.38048780487805
23.7680216802168
23.26531165311653
23.023848238482383
19.275880758807588
20.336585365853658
21.266937669376695
21.0449864498645
20.39051490514905
21.10921409214092
20.77940379403794
19.916260162601624
17.800271002710026
17.67235772357724
17.947967479674794
21.3710027100271
20.935230352303527
21.78075880758808
21.76178861788618
21.36558265582656
19.015718157181574
19.34959349593496
19.67642276422764
20.977235772357723
22.978590785907862
18.26531165311653
19.13143631436315
21.322222222222223
22.527100271002713
22.9189701897019
23.59186991869919
24.437127371273714
24.498373983739842
24.4940379403794
24.678319783197832
24.86368563685637
23.930352303523037
23.816260162601626
24.19268292682927
24.68130081300813
24.66964769647697
24.2869918699187
23.811382113821143
23.925474254742547
24.314634146341465
24.101355013550137
24.3840108401084
24.725203252032525
24.67073170731707
24.1289972899729
23.65230352303523
23.679945799457993
24.12222222222222
23.941463414634143
23.095934959349595
23.149051490514903
23.31517615176152
22.67642276422764
23.281842818428185
23.945257452574523
23.923306233062327
23.449051490514908
23.162330623306236
22.744444444444447
17.805962059620597
19.069918699186992
19.228184281842818
20.552845528455286
20.71869918699187
18.87154471544715
18.307046070460707
15.994037940379403
17.784552845528456
18.494850948509487
18.842547425474258
19.575609756097556
18.33550135501355
21.58834688346883
20.31327913279133
18.567750677506773
19.74932249322493
17.233604336043356
17.45989159891599
18.146341463414632
16.910569105691053
21.768021680216798
17.635772357723575
17.57560975609756
19.952032520325204
22.250135501355015
23.17642276422764
23.55230352303523
24.021409214092138
24.62222222222222
24.909485094850947
24.6390243902439
23.90243902439024
23.646070460704603
22.82791327913279
22.848238482384822
23.43929539295393
24.010569105691054
24.5029810298103
24.398102981029812
24.23089430894309
24.19078590785908
23.758536585365853
23.802168021680217
24.21571815718157
23.973170731707313
23.812737127371275
23.23523035230352
22.69972899728998
22.913279132791327
23.41219512195122
23.455555555555556
23.302981029810297
23.34634146341464
23.16720867208672
23.315176151761513
23.442547425474256
23.481842818428184
23.376422764227637
23.071544715447153
22.839566395663958
22.56341463414634
16.89024390243902
16.71409214092141
17.110027100271004
18.36910569105691
20.227371273712734
20.45420054200542
20.247425474254747
18.90650406504065
17.5349593495935
17.451490514905153
15.064769647696476
17.461517615176152
19.679132791327913
19.90677506775068
20.581842818428182
19.223848238482383
22.00243902439025
20.27181571815718
17.954742547425475
18.6360433604336
16.591327913279137
16.540921409214093
16.06504065040651
20.259620596205963
16.264227642276428
16.84878048780488
19.921680216802166
22.336043360433603
23.046612466124664
23.447154471544714
24.055555555555554
24.423035230352305
24.867479674796748
24.936043360433604
24.398102981029812
24.31463414634147
24.319512195121952
24.033062330623306
23.619512195121953
23.34146341463414
23.6420054200542
23.759620596205963
23.702439024390245
23.998373983739842
23.938753387533875
23.801626016260165
23.61490514905149
23.205962059620596
22.87669376693767
22.528726287262874
22.32330623306233
22.502168021680216
22.71327913279133
22.482655826558265
21.928726287262876
21.85067750677507
22.87289972899729
22.9349593495935
22.950677506775072
22.803523035230352
22.631436314363146
22.353658536585364
16.818970189701894
17.27344173441734
17.800813008130085
18.40271002710027
18.92005420054201
18.549322493224928
18.64390243902439
17.137127371273714
14.903794037940381
15.622493224932247
15.975880758807588
17.646612466124658
19.187533875338758
20.825474254742545
20.949593495934963
21.78211382113821
20.791056910569104
22.266937669376695
19.302168021680213
16.98455284552846
17.470460704607046
15.307588075880759
15.034959349593496
18.957452574525746
17.01490514905149
15.755555555555555
17.575067750677505
20.56070460704607
22.15907859078591
22.683739837398374
23.291598915989162
23.854742547425474
23.92818428184282
24.376964769647692
24.161246612466126
24.272628726287266
24.118970189701894
23.978048780487804
23.97615176151762
23.947425474254747
23.540108401084012
23.447154471544714
23.479132791327917
23.674796747967484
23.67018970189702
23.65040650406504
23.448238482384824
23.011653116531164
22.874525745257454
22.35772357723577
22.332249322493222
22.390514905149047
22.208943089430896
21.775067750677508
21.52005420054201
21.141463414634146
21.3970189701897
22.389701897018973
22.217344173441738
22.4070460704607
22.154471544715445
22.084010840108398
16.254200542005417
16.298915989159894
16.179132791327916
16.455555555555556
17.513821138211384
15.997560975609758
16.933875338753385
16.28509485094851
15.718970189701896
15.103523035230348
16.369647696476964
18.920596205962056
19.153929539295394
20.842818428184277
19.567208672086718
19.82493224932249
19.26341463414634
18.837127371273713
17.723577235772357
16.88428184281843
14.774254742547424
15.129268292682926
17.01219512195122
15.372086720867207
15.494037940379405
17.35934959349594
19.56639566395664
20.449864498644985
21.777506775067746
22.547967479674792
23.135230352303527
23.276693766937672
23.589972899729
23.632249322493223
23.105962059620595
23.448509485094846
23.666666666666664
23.64390243902439
23.4029810298103
23.63468834688347
23.741192411924118
23.275067750677504
23.549864498644986
23.26043360433604
23.11084010840109
23.349864498644987
22.824932249322494
22.29539295392954
21.939566395663956
21.571815718157183
21.852303523035232
22.15257452574526
22.205149051490515
21.617073170731707
21.652032520325207
22.18590785907859
22.141463414634146
21.773441734417343
21.9230352303523
22.097831978319782
22.14092140921409
21.887533875338754
21.72818428184282
16.611924119241188
15.882384823848241
15.983468834688347
15.317344173441736
16.35067750677507
17.618970189701894
19.078590785907856
19.68807588075881
19.615447154471546
19.803252032520327
21.01761517615176
20.648238482384823
20.790243902439023
19.68211382113821
19.484823848238474
18.02411924119241
17.893495934959354
17.141192411924116
15.77181571815718
15.48238482384824
15.741192411924121
14.050948509485096
13.54742547425474
15.223848238482384
18.336856368563687
19.856639566395664
20.455555555555556
21.38021680216802
22.185365853658535
22.47317073170732
22.501355013550132
22.514363143631435
22.520596205962057
22.506233062330626
22.819241192411923
22.892140921409215
23.128455284552846
22.90433604336043
22.903523035230354
23.27588075880759
23.291327913279137
23.300542005420056
22.78238482384824
22.536043360433602
22.54579945799458
22.277506775067753
21.741734417344173
21.618970189701894
21.64037940379404
21.56260162601626
21.836043360433607
21.672628726287265
21.415447154471543
21.22439024390244
22.051490514905147
21.665853658536587
21.420054200542005
21.419512195121946
21.632249322493227
21.612466124661243
21.572628726287263
17.497018970189703
17.14037940379404
16.355013550135503
16.535230352303522
15.622222222222216
16.81165311653117
18.264227642276417
18.717344173441735
20.329539295392955
20.678048780487803
20.199457994579944
19.947154471544714
20.986449864498645
20.228726287262877
19.552303523035228
17.177777777777777
17.510840108401084
16.597831978319785
16.87533875338753
16.073441734417344
15.880216802168018
13.575609756097563
12.638482384823849
13.30189701897019
16.4349593495935
17.90840108401084
19.417344173441737
20.2
20.31869918699187
20.77642276422764
21.174254742547426
21.3260162601626
21.66151761517615
21.864769647696473
21.7390243902439
22.00108401084011
22.10677506775067
21.96937669376694
22.17967479674797
21.984281842818433
22.035501355013544
22.324932249322494
22.76991869918699
22.75094850948509
22.24878048780488
21.86233062330623
21.8289972899729
21.676964769647693
21.42222222222222
21.23414634146342
20.916260162601628
21.00271002710027
20.836043360433603
20.759349593495934
21.635230352303523
21.76449864498645
21.112737127371272
21.092140921409214
17.06639566395664
17.262601626016256
16.159078590785914
16.256910569105692
15.875338753387533
17.027371273712735
17.047967479674796
17.596205962059617
17.557452574525747
18.742818428184286
19.484552845528455
19.395392953929537
20.227371273712734
20.668834688346884
19.17913279132792
17.935230352303524
17.0550135501355
15.73441734417344
15.2260162601626
16.887262872628728
15.64390243902439
15.254200542005421
15.129810298102981
13.805962059620594
16.389701897018973
18.355555555555558
19.393224932249325
19.941192411924117
19.680758807588077
19.901626016260163
20.436043360433608
20.920054200542005
20.915447154471543
21.28861788617886
21.41978319783198
21.44390243902439
21.58780487804878
21.71842818428184
21.60135501355013
21.549051490514906
21.713279132791328
21.71869918699187
21.567479674796747
21.794850948509485
22.114092140921407
21.960975609756094
21.557723577235777
21.499457994579945
21.334146341463416
21.28048780487805
21.235230352303525
21.108130081300814
21.13170731707317
21.1420054200542
20.89512195121951
20.97859078590786
21.398102981029815
20.958265582655827
20.785636856368562
20.768563685636856
20.80189701897019
16.319512195121952
17.312737127371275
16.85528455284553
15.784552845528452
15.716802168021683
15.898102981029814
16.43929539295393
17.034688346883467
18.448238482384824
18.3739837398374
18.859891598915986
19.81029810298103
20.553929539295396
20.36910569105691
20.698373983739835
19.865853658536587
18.54308943089431
17.779674796747965
16.59268292682927
16.68048780487805
16.298644986449865
14.712195121951217
14.544715447154474
16.17371273712737
18.057181571815722
18.574254742547424
19.320054200542003
19.387804878048776
19.608672086720865
19.93170731707317
20.197560975609754
20.482384823848243
20.716260162601625
20.484552845528455
20.26449864498645
20.818157181571813
20.984552845528455
20.93035230352304
21.153116531165313
21.036585365853657
21.116802168021675
21.226558265582653
21.318157181571816
20.740921409214092
20.765311653116534
21.15555555555556
21.544986449864496
21.40921409214092
21.21761517615176
21.101355013550137
21.270460704607046
21.533333333333335
21.38861788617886
21.294037940379404
20.79620596205962
20.511653116531164
21.17777777777778
21.018157181571816
20.59728997289973
20.536585365853657
15.592953929539295
16.90081300813008
15.64010840108401
16.37859078590786
17.226016260162602
15.5840108401084
14.926829268292682
15.70081300813008
17.276693766937665
17.49810298102981
18.24037940379404
18.482926829268294
19.43523035230352
19.715989159891596
19.850135501355012
20.25772357723577
20.488888888888887
19.724390243902437
19.212466124661248
18.50677506775068
18.488075880758807
16.373983739837396
15.692411924119238
16.38130081300813
16.227371273712738
17.39539295392954
18.767208672086717
19.355013550135503
19.15582655826558
19.518428184281845
19.907046070460705
20.13279132791328
20.271544715447156
20.29322493224932
20.418428184281844
20.59728997289973
20.320054200542003
20.722493224932247
20.679132791327916
20.618970189701898
20.70677506775068
20.888888888888893
20.691056910569102
20.610569105691056
20.56341463414634
20.477777777777778
20.94850948509485
21.180487804878048
21.290243902439023
20.410840108401082
20.224932249322496
20.394037940379405
20.847967479674796
21.12411924119241
21.23035230352303
21.244173441734414
21.229539295392957
20.93387533875339
20.886720867208673
20.641192411924116
20.49322493224932
20.209214092140922
20.19105691056911
15.348238482384824
15.365853658536583
15.58780487804878
17.7189701897019
16.19430894308943
15.602981029810298
16.973441734417342
18.40271002710027
18.042818428184283
18.288075880758804
18.242818428184282
18.681842818428187
19.97018970189702
19.62791327913279
19.710840108401086
20.111653116531166
19.946070460704608
19.358265582655825
18.33929539295393
17.014363143631435
16.55880758807588
17.305420054200543
17.551219512195118
18.53821138211382
18.47018970189702
18.772628726287262
19.233062330623305
19.545528455284554
19.226829268292683
19.485636856368558
19.93631436314363
20.359620596205957
20.26910569105691
20.222764227642276
20.06558265582656
20.04932249322493
20.240108401084008
20.231165311653115
20.30081300813008
20.450135501355014
20.510027100270996
20.63062330623306
20.5289972899729
20.59945799457995
20.750406504065044
20.760704607046073
20.802439024390242
20.57588075880759
19.841734417344174
19.79051490514905
19.8319783197832
19.96612466124661
20.301355013550136
20.53252032520325
20.598373983739833
20.67371273712737
20.540108401084012
20.459620596205962
20.371273712737125
20.139566395663955
20.009485094850948
19.88346883468835
19.842547425474258
15.28211382113821
16.033875338753383
16.25094850948509
15.171273712737124
14.493766937669378
17.055826558265586
16.900271002710024
16.520325203252035
17.721138211382115
17.530081300813006
17.879674796747967
17.679674796747967
17.860433604336045
18.422764227642276
18.57181571815718
18.78075880758808
19.101897018970185
19.091056910569105
18.521409214092138
17.77452574525745
17.67831978319783
17.643360433604336
18.447154471544717
19.207317073170728
19.26585365853658
19.79051490514905
19.646341463414636
19.707859078590786
20.12872628726287
19.740650406504066
18.91029810298103
18.142818428184285
18.720867208672082
19.44390243902439
19.98970189701897
19.831165311653116
19.87533875338753
19.943631436314366
20.055284552845528
20.053658536585367
19.96612466124661
19.90460704607046
19.987804878048777
20.094850948509485
19.895934959349596
19.7810298102981
20.176964769647697
20.32059620596206
20.37127371273712
20.12384823848238
19.648509485094852
19.707317073170735
19.815989159891597
19.80948509485095
19.719241192411925
20.072899728997292
19.988075880758807
19.898644986449867
20.05880758807588
19.999728997289978
19.82140921409214
19.726829268292683
19.657452574525745
19.562601626016264
19.550948509485096
