0.7291328794629646
0.752010204996193
0.7607622906870336
0.7793132346724402
0.9413640261259069
0.8043696440727889
0.8961002836201237
0.9217196193236727
0.9514201565731971
1.0384630071006389
0.9778489058909031
1.1055366808644722
1.0858082659189463
1.0496440497027768
1.0456736402797466
1.0239075589558595
1.0366598623530952
1.0236693237608023
1.0684216454837003
1.0436998005080487
1.0352249606125297
0.9954299551092597
0.7503615313395605
0.8488331811406388
0.8568065155743685
0.8241412080709809
0.8413350604051233
0.8604006139248739
0.9567492663021142
0.8343460917990833
1.0107489224112594
1.0540747864606201
0.9686915959294391
0.977409361005739
1.1017693750326
1.079245215526216
1.0554916470768185
1.041149101376276
1.0500786766686943
1.0541870962839324
1.0547796599391575
1.1083324366998222
1.0692830817897774
1.0498791189784968
0.6243673070538681
0.6496760803723504
0.8463171222832514
0.8644236275018364
0.8884199635609858
0.9203659804360717
0.8736980268688426
0.8587427211403181
0.8570208657668953
0.9931865918353318
1.033759010600137
0.9754300496942313
1.1020547038046478
1.097724568757609
1.0933224055767428
1.0586440512875297
1.0315498074148888
1.0385577706285762
1.033643060141495
1.0422221644391267
1.0528611885983818
1.0463601688216972
1.0345377157642344
0.9974233297193759
0.6423828711257765
0.6703656168810176
0.679866783913331
0.690078482651519
0.7947592384148655
0.8239142036064281
0.8525420495953523
0.8921045345195961
0.9143458744752776
0.9777481833532611
0.8929427850487468
0.9846087527028045
1.024936835291462
1.0119544559939517
1.0865186438774148
1.08217174616262
1.0867457369982343
1.0844691443101973
1.1122272139144063
1.092860421876737
1.079950865870677
1.088750748331914
1.0160108818024594
1.0306637456284686
1.0296891242359636
0.9285372303841922
0.6332211303596095
0.6676443136700985
0.6195379196920041
0.7195292920766124
0.7375918152645915
0.7509027867770358
0.7857911323464568
0.8374055656105356
0.8685908700386766
0.9022039619966117
0.9347308153198813
0.9951235748727684
1.0215380203390305
1.157933471122754
1.0454168310505256
1.0517481454562267
1.0588935604900633
1.0680402809766887
1.0739463677561745
1.0730356324587877
1.0887281504302062
1.0915980413524564
1.0890763758673865
1.0137180852980612
0.9755931194004568
0.9775038073318776
0.6765593375432574
0.6546946490852117
0.7071501947280734
0.8340972989205214
0.8419724926247146
0.8693307369804841
0.8967150026577619
0.9302917147222938
0.9567006744034837
0.9821470976732397
1.0561300710646389
1.0728107715277369
1.1167155240223565
1.101841763957988
1.1127998271572808
1.0768233261318028
1.056487094650004
1.0809396874401986
1.0804828769268868
1.0369212485208277
1.0381767545912854
1.0401280305896066
1.0255614102085477
0.9832730495336054
0.9858498279284096
0.6654682201703973
0.6772756245248763
0.8029208911148595
0.7581274536113582
0.8384533045200413
0.8468546336554433
0.8573137215027197
0.9092746315654219
0.9227606063067401
0.9696502716809632
0.988650498083324
1.0161242908267851
1.015216880930001
1.072201116817986
1.130374751498724
1.1009797202163494
1.085556824410651
1.0389319313714551
1.0346071422562937
1.0654463186813505
1.0826918126780134
1.0145262896371492
1.0073889953202164
0.9733006398189503
0.9993915643760962
0.980624719849883
0.9567843461230731
0.6997848329560158
0.7483533626176232
0.7388874849215624
0.8032364890296174
0.825761844750831
0.8434883490260858
0.8609338536832479
0.8826919789273489
0.8806771694497231
0.944180986842867
0.965799137092277
0.9682425085810679
0.9812500314294
1.015736233508852
1.0336214600895333
1.061683891408826
1.0911942880433412
1.0926130231005782
1.084599839982757
1.0631579655385945
1.0540099868881492
1.0216253678318057
1.0383006160547048
1.0235833704459807
0.9996313977575443
1.0083309092737263
1.0001657459163218
1.0496927469469695
1.0462417540925706
1.0616822311965495
0.7815018066814706
0.7478883348410335
0.7983152919256749
0.8332962734394942
0.855624097524559
0.8531414961068663
0.8764753877875221
0.8844913197955439
0.885414586352291
0.9137025869279687
0.9161770785895315
1.0254398058807532
0.9765174939963764
0.99435942704966
1.014153118318973
1.042696441659157
1.0557087879427007
1.1229637498047578
1.1147027020546885
1.0636367862015335
1.0525344746342622
1.0328783281365388
1.0443059805864205
1.0323727213134481
1.0437608776470069
0.9775541449232185
1.0384351421495013
1.079641124952459
1.0691969487844548
1.0778587620927162
1.0821956346662644
1.0890858168040367
0.8146630852386042
0.838723222069426
0.8491170977967737
0.8656937139954214
0.836249990936332
0.8690212257087252
0.8884921283862353
0.905853627727924
0.9153822495086201
0.9122971246954829
0.9027859713778785
0.9702343633268512
0.9973874701959294
1.0259624304256534
1.0428257525561282
1.0402521539216645
1.0542159381909146
1.0589097900778615
1.0373410993639083
1.0215416150334113
1.0282014961565722
1.034826039465355
1.0335958804968466
1.0862489091326433
1.0958175453576997
1.108691727784611
1.0696147046324298
1.0847225306029675
1.1022563422359533
1.0950983782232697
1.106067274854469
0.8012184007761673
0.8251305809466936
0.8374734445087011
0.8631315915145183
0.8903958077409216
0.9188730439614525
0.8932164633744861
0.8936995542250177
0.900432431452907
0.9319272935957839
0.9186387490012782
0.9353205382224331
0.9035914742345674
0.9387204504257706
1.0097162391561894
1.0219127351091841
1.0184033769195033
1.0377694142666987
1.0313018723073657
1.0620235577452861
1.0529148986783379
1.0231532802185663
1.0476048535735394
1.0599709704274025
1.0631919521316473
1.0475332036859375
1.0741186856486789
1.10944451651699
1.135788232383649
1.0913268701840217
1.1125397649822675
1.1036523396060598
1.0506504900368423
1.0096917996481194
0.8103385257883662
0.725870527206992
0.8431060254003161
0.8840283695396951
0.8838355266737404
0.9034995436882508
0.9137421325232861
0.8930260158178757
0.9209920145880728
0.8996434477890264
0.9170903084498121
0.9544252222877425
0.9167353962260285
0.9308489829322113
0.9748321954116795
0.9902882527377587
1.0132719934864396
1.0282932771556654
1.0353896782856757
1.0350976801717833
1.061952604055327
1.05204745957512
1.0838747882101754
1.0732505924132978
1.0349884789590227
1.057629385192408
1.0353196658361223
1.1682128126617348
1.1193714367416063
1.1805031715524539
1.0559842372368422
1.0568739483614666
1.1539647983859624
1.114158950216347
1.2055515272124868
0.8209339948370299
0.7122790577227354
0.7137662976672458
0.8411593217026933
0.8929305300609323
0.8613485948614797
0.9382632798109553
0.9136483295152052
0.9147067721843501
0.9421126923493517
0.9076223450599084
0.9564151375427064
0.9138978869422092
0.967934579122628
0.9218633505426708
0.9618937220983033
0.9683317814649133
0.9793470272983352
1.0062979096641294
1.0187081627005048
1.0102797112670496
1.0462914520068385
1.0771817409026325
1.0712640805458964
1.0536776348542947
1.0569260647880812
1.1574538752872612
1.1669257114624518
1.1200125297396868
1.145009701340219
1.1554950486759488
1.1305540594123795
1.1675487444749777
1.0566147178170457
1.1177986333462513
1.1199302983052284
1.0688318711243292
0.8382604906070271
0.718488342115815
0.7012721790048445
0.8148357055911006
0.8445393248511877
0.8168571040162671
0.8062029554170028
0.8552403291433746
0.8870695738305352
0.9228284144511855
0.9320742572121292
0.9563584653448844
0.9539374691712778
0.9198192882332119
0.9483378861423774
0.9108333756400243
0.9448193024959954
0.9155730200793789
0.9214958511795694
0.9654573384144093
0.9881276865561757
0.9969513829609793
1.0141350861924725
1.0528490511358406
1.0962672960621909
1.1253184483956404
1.0356866288287194
1.0520164638854907
1.0579024600039375
1.1636109099091474
1.0677695925030084
1.1423506487342654
1.166570442572527
1.1467104930494023
1.1379096257633308
1.1265710105261537
1.1951699441598527
1.0967421081269517
1.0419762754019877
1.1767925645611108
1.1078084301555184
0.8424304826093315
0.8052431352885265
0.7099918276681064
0.8378882281649818
0.8401841035915687
0.8226743348102845
0.8163679447441443
0.8694653057855513
0.8943276667170296
0.9197011907043607
0.9280762305315561
0.9552517628768651
0.97443244230513
0.9060070905102655
0.9141319508587961
0.9066833789944468
0.9252311933077135
0.9101853462841778
0.9086806136077633
0.936965053395502
0.9819747204926438
0.9840749128851127
1.0328542233733935
1.0281432806153052
1.0457067202526455
1.0448438404191545
1.0298001711098126
1.0592355776502134
1.2048980416170638
1.236007204423751
1.1218874600580924
1.1695545120371034
1.1862683567943482
1.1608373167566441
1.1718199799866849
1.1532808088854496
1.1862213038800662
1.1023267670607093
1.082190544830434
1.1763496892393213
1.1848912870668118
1.1646488945340179
1.0776620996814754
0.7394528319434135
0.7599338331860653
0.6941058200113359
0.6787549478048118
0.8212284512204507
0.8344649157192163
0.8383861181540242
0.8127446727601522
0.8647136363910807
0.9086123962720168
0.8927898735264965
0.9167152075150691
0.8993632325393314
0.9403549585632732
0.9779437603606512
0.9172360461948479
0.9228312794743392
0.924119320665344
0.9469711101886876
0.8756155015710156
0.9053521995876186
0.9202710968802317
0.9931024373861931
1.0057466653337428
1.0386195744200737
1.0321028539556996
1.0535699411825579
1.070233998840303
1.1795966933354949
1.177884153697149
1.2483737998945035
1.2114167313460664
1.1695415761439107
1.1444007738636224
1.1729887031759365
1.1657641397927334
1.1561176350761466
1.1549984166142593
1.1650608540853724
1.3058694632766983
1.0914327224307643
1.118149037010878
1.118337003617427
1.1083761037729467
0.8709934348382933
0.7012967895310506
0.7412727175175722
0.7890019459856631
0.8065655300470199
0.7948837028501952
0.7983317591867569
0.8130425466970046
0.8498042640841057
0.8730395942295183
0.9009011367702909
0.9107600780509904
0.9104473883031601
0.9070983343416965
0.9279249929610405
0.9612106640140965
0.9233467592879181
0.9416026501175283
0.913796625478532
0.9440480440936617
0.9263511659299839
0.923202940809965
0.9116100160920378
1.0026829264630386
1.0680769314335696
1.043873804648547
1.0799967685265361
1.0908971647884498
1.0943534381721434
1.1669033687153674
1.229602937869174
1.2133646920552341
1.206243138888964
1.1709390813024958
1.1572077832563863
1.1641022273771333
1.1623082238223423
1.1488257179636188
1.2753918471609476
1.2720003480895403
1.1451007784359988
1.323172722944369
1.3219573862261456
1.3467470881316268
1.3343193745283866
0.8490689199708853
0.7871234408148862
0.6756602478966481
0.784924812712416
0.8412072540807786
0.8215953006153683
0.8280873501356099
0.8419915078271811
0.7991932867537866
0.8390861863897874
0.8562681324252189
0.8800262118944114
0.8971568352942831
0.9075779203028566
0.8996285084445307
0.8644154711881405
0.8942158118543877
0.8852946368896106
0.93302694926176
0.9244699681747246
0.9211228632043259
0.9169634497139351
0.9507916795102682
0.9622159497400223
1.0070573743316158
1.046673653969185
1.0670854819266578
1.0927844137066005
1.0988790640025825
1.0765589392518629
1.1799502186487119
1.2302281374257606
1.2444891779727967
1.258090495602611
1.2154453115308708
1.3599531104954714
1.327952988732079
1.3812967987381009
1.3743248295107902
1.375246822991914
1.299383756367643
1.2740444127921902
1.3660617878161847
1.223472041383469
1.3385164860667598
1.22706160702109
0.8174419298466112
0.8182926717079723
0.8239810547625944
0.8340473729392369
0.8256324283008548
0.7901312554237968
0.6365143520297809
0.7988626693440317
0.8124771527153618
0.8181443000895258
0.807893760011352
0.8469474230594343
0.8482280058575342
0.8694707962236068
0.9029694804012564
0.9238846867931809
0.8698637370880311
0.9333046116401956
0.9321291754682443
0.947073399882396
0.8674791244942882
0.9016530998332731
0.8777604163642404
0.9090200076372656
0.9083971224470732
0.934493658815639
0.9394383895580916
0.9283583007010303
1.0240642001314413
1.101049026055572
1.105889508733043
1.0646276532250405
1.1610109711491563
1.1944603617125356
1.1871448095405404
1.216479215476225
1.2173331933180336
1.2170360287336552
1.368891532815214
1.3514553281116743
1.3704721459432279
1.396802124906895
1.3690223814738007
1.2846107038757646
1.2898160388334134
1.3657033620581553
1.3551073138290588
1.3463957937795974
1.3907908716566786
0.6384239486281863
0.7571378260200881
0.7718521618325749
0.7874551631163959
0.8029623255579619
0.8168543168452829
0.6852798539272864
0.725214796899125
0.8132899240639021
0.8090694113169696
0.8159387109661028
0.8329223213616579
0.8589115274453284
0.8899908893738497
0.9021357433693693
0.9099254887577916
0.9826178585394043
0.9731163560716434
0.9421537737800039
0.8854026419061398
0.912382614658711
0.8677541475532758
0.9311017389986295
0.8963269504158068
0.8900982420342051
0.9051134309723479
0.9167356365651477
0.9679109815709707
0.9830668784528896
0.9214889970241201
0.9900243466208914
1.0545301523852424
1.065921010883269
1.092669416938033
1.1658134672977911
1.1857101022671361
1.2085624654069784
1.2204056949622395
1.3589937748286098
1.3872733283492829
1.3611127770550737
1.356331012640482
1.3960696650301128
1.3239607123113848
1.3914788727075387
1.380908023883096
1.4456958535276412
1.3883755809997231
1.391179629839264
1.3988527257639702
0.6639037642791971
0.6621983244003008
0.7671564513132656
0.7753774467970933
0.8209265694501892
0.787698268978174
0.7946419634400486
0.6932165626858613
0.8378469431177765
0.7320602380844438
0.8441339866457767
0.8379226746412592
0.8394951866383112
0.8503931179112301
0.8107527886550586
0.916630281877842
0.9225490319691514
0.9527295205177679
0.9526334660474938
0.9951764897584133
1.0096509930795974
0.9992149590757965
1.0044721205000768
0.9063094812244741
0.8842000731266684
0.8242953607675402
0.9499038918026607
0.9535279550124887
0.927867847075616
0.9328041614803511
0.9249314949929315
1.0579195378558106
1.0549437609747192
1.1076804065744625
1.0252932599516376
1.157477161843649
1.164865610733758
1.1710674014351328
1.18484380755633
1.2032503845297433
1.2062288916458943
1.3922678706573073
1.3934518212178668
1.3816974238575226
1.3911121606575625
1.373700574296543
1.414524806539807
1.3783214350025854
1.372647854183372
1.449088868843112
1.3782170477086197
1.458210912714166
0.6961756331471085
0.7157705395446737
0.7592275260757376
0.7302035134098577
0.7931793317466946
0.8316576450052058
0.7362877810582754
0.7366799814000854
0.703569592707029
0.6714131382874229
0.8024930675215011
0.9159169163794626
0.9157262976529554
0.8889633288943795
0.916844023086366
0.8926047653702442
0.8796845648135964
0.9321262602332445
0.9416715192190575
0.9079519428296701
0.9043435553911692
0.9611230985029097
1.0523803962214502
0.9138848682397194
0.9335115454534912
0.9512235270416127
0.8721371639774294
0.9275732762340755
0.9969904257337585
0.9833882175992473
1.023299917301717
1.0154703344494536
0.9480307735063639
1.0769282852728195
1.0901319051365177
1.1230735519928934
1.1296833701788827
1.1310509055860805
1.1702847184431182
1.158629926983552
1.1704486885650547
1.3088096572791175
1.2981594434145165
1.376719479946802
1.3959432982743156
1.4038920768100993
1.4030185885975825
1.3609081542039776
1.3998618164212282
1.424355182237501
1.4292423945783919
1.4426148054686758
1.4081773860216307
0.8490403752655638
0.7834145104008015
0.7772315202115204
0.7746192346018582
0.7603774894450201
0.7210680894588242
0.6189820548556885
0.802998819025026
0.7972555210970675
0.7993137530066804
0.9069921840965206
0.8910982853264147
0.8711225197244087
0.9352089529748168
0.9398822518467982
1.0406672028906476
0.888956471751654
0.9401733566818513
0.996348530541705
0.9430004942022651
0.985104431052748
1.073016947181284
0.8970863499039025
0.9204228739577368
0.9759513855335674
0.9951899947806317
0.9631028352853448
0.9059324296145213
1.020696729632311
0.9865788801542436
0.9320098009562546
1.024275885846627
1.1085716899465463
1.0255147897590322
1.0282639224120182
1.1010738390202277
1.1086935825719748
1.1054911743449245
1.1534938033036983
1.1644012325607633
1.27945439436943
1.2639360120477214
1.35940621329765
1.3037241026071218
1.3435614700980234
1.364460241182139
1.394353898790934
1.3616042966037576
1.3742044262937236
1.3904387149094584
1.4292267218864134
1.4577549898346098
1.4424518356853027
0.7875021675698822
0.8122398357154375
0.8140448674383112
0.8184681158262329
0.7799038013819162
0.7592965904023211
0.7207991491395596
0.7010089494420186
0.720386986773303
0.7768451392556041
0.7681908231278236
0.9259024827930982
0.9348917142968735
0.900182241275797
0.9784277279066873
0.8962133783413803
0.9861392792574053
1.0068247807485733
1.0163765786979218
1.0245264531402292
0.9798703264938277
1.0449524334105202
1.049915354142792
0.9791095761789778
0.9470575802122659
0.9682365921603149
1.0258120214692543
0.9406189022042388
0.9821257858648902
1.050737094925485
1.0390921033729468
1.0237102172115793
1.0196077115389763
0.950560152577267
1.0494208250865018
1.009676742870983
1.133206832421198
1.1138901725288064
1.1190881605651033
1.1556100217490777
1.1967592592059888
1.2290722541474344
1.2602873149815847
1.3579471766288587
1.319682973106357
1.3254028036254366
1.3902054438226936
1.3862422002711465
1.397977192081887
1.3753802709100582
1.3908916751600693
1.4196622786085997
1.4558499151621223
1.4727037812532637
0.822565593312439
0.7969294448853633
0.7205259293615891
0.8303129435151192
0.8321219299975723
0.8007450023628346
0.7650915757174744
0.7268457384422911
0.7549453586498142
0.7199486782057125
0.7749522342707665
0.8038854938678281
0.9518271054189278
0.947009499200588
0.9715603253802226
0.8804935185208331
0.9271686727003823
0.9871508721555389
1.002731047900952
1.0306994449919358
1.1512534508289747
0.9975225073548709
1.0155271792068907
1.0263776766148782
0.9558909067572194
0.9530506082661129
0.9645975151700737
1.0219013799570777
0.9786173904924083
1.008301920255823
1.01880310571551
0.9904201794261581
0.9386591890251512
0.996978344737237
0.9313844699520547
1.0934762896050143
1.0362879287032316
1.103768454402547
1.1050800027871879
1.1216807733429905
1.136128950622582
1.2234349435730298
1.1833790659024832
1.2519840087271148
1.341091240699329
1.3556691097118487
1.3851731378187224
1.3804040117444463
1.4001144606545666
1.3919865779442346
1.4190204454260444
1.4430635518119248
1.4567117395619638
1.4742050744861466
1.47443038567911
0.8966297389510236
0.8499172975966656
0.8343693298078214
0.8242112486503175
0.8791890952667732
0.92068838375274
0.8508017756215849
0.8314931982533811
0.7947744856627534
0.7229670701611676
0.8676382743495258
0.8799393310911269
0.850859091154031
0.955453328418488
0.8650549984886376
0.9843828667280149
0.9664423245418903
0.9466027292179828
0.9643163729203973
0.9961660775653058
1.0023543645213355
0.9842070008435948
0.9970671808408139
1.013327004698723
1.019139192004698
1.0068098269867989
0.9914525163171178
0.9928828479545879
1.034307254557831
0.947975227004775
0.9617530715089574
1.0092792936942625
1.086180755019473
0.9951222464293922
1.1108185218569138
1.087651407043344
1.1046536527662527
1.1186746336668125
1.1356398231346023
1.15449177431797
1.1049682796261093
1.242698639922714
1.2616377995897132
1.2899581539090237
1.3131242170288981
1.3526456817680834
1.363011841242697
1.370073330878654
1.372484282000969
1.404552745133838
1.4460685307739747
1.4440041123248277
1.4360003747406598
1.4362638432594008
1.4675344498531757
1.4944099390542054
0.8135131222972515
0.8923494999634242
0.9380912157933158
0.8667577587879566
0.8549063878317632
0.8548197032435727
0.7704177604904756
0.899185113307881
0.8443339836120699
0.8201317541606483
0.8851011571740423
0.8314015108095009
0.90160544849197
0.9427527979082754
0.967445969670911
0.883616626872077
0.9356178506632455
0.9096119469274471
0.9770741794559797
0.9906002802988588
1.0230237799750452
0.9255620586296854
0.9602892218366171
0.9931991626259498
0.9473448521692787
0.9101207116395953
0.9429906810587093
0.950589048240306
0.9514220091905964
0.9725995415230095
0.9956592358408295
0.9994654162643515
0.9683370147090905
1.170778379075727
1.1015957822096072
1.1265109026748805
1.1209496989664165
1.1728713009193323
1.1603560096533907
1.1797926113630843
1.1944899975480763
1.1615924767881003
1.2766963268206042
1.2771730658629183
1.3242958859040879
1.3537819877462305
1.3635145799023474
1.3693797239739778
1.4294893837855611
1.4665747772447406
1.4361836111678195
1.4213621172260567
1.423857626059589
1.467617171577062
1.4765607960499514
1.4756520856657924
0.8107880256594281
0.8434355829999791
0.8113096078524974
0.894056957190603
0.8589076796468124
0.849369100261616
0.8533759587366603
0.8312896702384871
0.8371318017044805
0.8616593279641924
0.8767593999131326
0.8337390335950517
0.9450396463468361
0.9775115459660295
0.9552985065001782
0.930767871872463
0.990429893400527
0.920612041574446
0.9725988619191004
0.9839114574779151
1.013610928136399
1.0145813776146784
0.9762922936178166
1.0011041854460407
1.0191238424196845
0.9498176809031951
1.0511664490981332
1.0256995403887714
0.9372112231902158
0.947600183577633
0.9271093413501255
0.9614778194225292
0.9649335295175613
1.087280975350976
1.1307066436403517
1.2205183443519445
1.1184801575460144
1.2046287809623697
1.149932933894327
1.1851246280274608
1.1720972789599187
1.1911187863724546
1.2155317756719493
1.2769638494344275
1.1852707448681445
1.3132713594755667
1.3356314607726145
1.408547528410169
1.3962545123609496
1.4220612019695271
1.4272121465817664
1.4289613391327214
1.4328248760875184
1.4922697725648655
1.462682342124473
1.4659093961559375
1.5018686568164628
0.7703729549759959
0.77888470187115
0.7725827656742725
0.9225477582370546
0.9027644131268212
0.9609947157921965
0.9434472734806896
0.8947506505471092
0.9838754040687335
0.9796133600440222
0.9670433151663638
0.8935935382781043
0.886216983674035
1.0005244620247313
0.9888797167897102
0.9835459356336206
0.9920174042909721
1.0413317834798035
0.916307492671789
0.9412221803948669
0.9851717500915704
0.964635887929157
1.0335160112499924
1.0132276344445608
0.9889882169025342
1.0069882364132974
1.0298820400056798
0.9622934942265688
0.9339754455323899
0.9829105779375218
0.9718009058493269
0.9316018423345162
0.9915993974095448
0.9726584387245925
1.0574557693247788
1.1760645878300995
1.1370025197488882
1.1412657431201898
1.1970121291463434
1.2072352829381792
1.2212936100612677
1.2309812988131175
1.2074863239426972
1.1954318742247136
1.2953180575007885
1.352913983137094
1.3959149930781962
1.372206319754207
1.3664607525059185
1.440373769578041
1.4005625612023187
1.4209067239669415
1.4144518047972134
1.40720870444463
1.4333407885785143
1.4423369668189483
1.4436039898431945
1.4714863713498314
0.6922670736645664
0.85100892195751
1.0018187645229923
1.0213016054638708
0.8845608991875251
0.9165152191234672
0.9781012300077405
1.0115793195039442
1.01945967889015
1.0372626513658763
0.9986245047595744
1.0266545571720769
1.0139556164699877
1.0320802965943365
0.9730364285601777
0.9806069699173209
1.000851496672807
1.072348580535532
1.0409783810182762
1.0225833277472678
0.9445919097294306
0.9805685480767768
0.9699434215276378
1.0022408629199357
1.066398384310742
1.058944745268295
1.054500344019059
0.9442394010545053
0.9901231527638968
1.0045818608522576
0.9610488220253979
1.0095642827382998
1.0325634286716077
1.05298046311422
1.164983315437945
1.150555274614141
1.0967061477566424
1.217507656975373
1.2387074685907142
1.2205995754404821
1.2245774362015602
1.2141394444907883
1.2053260403766237
1.185323535836184
1.3096613581364986
1.321757592284588
1.3862028359168403
1.3830174526216985
1.37180811592655
1.4205944482173358
1.4100758257476282
1.4378532942901983
1.3800705444779608
1.391896037290083
1.3925814882814227
1.3974964684342803
1.4245636317728603
1.4124772517432707
0.7152343240963838
0.719424560471914
0.785756363307042
0.9491384674105878
0.9296105592630826
0.9991897481996198
0.9927229882560787
0.937259101620585
0.9286366472287289
0.9496856045464517
1.0108988844918672
0.9784389871000112
0.9018351292085903
1.0500247515688967
1.0622193819308117
0.9948374757964715
0.9690427884983275
0.9946332588001774
1.0579164138791195
1.0594433553136384
1.0690961767242484
0.9937396300944714
1.038273312627091
1.0583844909930409
1.079320952345441
1.0707242651767988
1.0973861816717982
1.0391400229419347
1.0648729327247741
1.048208565164418
1.0296052427426294
1.0286383289876122
1.0462407713416497
1.0244379908862207
1.1741800940324252
1.050062450470797
1.1835289973742422
1.2180608044929866
1.1941068884654473
1.2122007261749468
1.2230952482035597
1.2129656867784917
1.2769409014015707
1.2228426669568855
1.2854693538999493
1.3783741851456353
1.3950117138271736
1.348431275453171
1.374731920539448
1.395625384264519
1.4379384385613645
1.410247588504351
1.4395698648209743
1.4375031129195344
1.393314622245313
1.4123259367170045
1.4256812528098401
1.3944346942642694
1.403310596773819
0.8881904520240537
0.8582774341292067
1.088883965234693
1.0763063604958343
1.0314988296466028
1.037407789656902
1.0833647803771265
1.003914021170366
0.9306207808694958
1.0649996889038633
0.9443846819847116
1.047006826378065
1.038596451464144
1.0263214328329775
1.009613240079566
0.9801201070483255
1.0748388393443378
1.0428079345234296
1.039363477063112
1.093863355592992
0.9874844927101157
1.0321772114823013
1.0581215354323492
1.0905115378139567
1.143773158097322
1.1548739708550009
1.1494729374885482
1.137122204384757
1.0988598824809634
1.0970962246649845
1.0408634464635331
1.1512283159218135
1.1832586601572486
1.1587801452407713
1.2056081816893938
1.1831823140851012
1.2075330956233568
1.1974976541126217
1.193443013184159
1.1690474560617388
1.2494098459253313
1.2488355928258932
1.2659060188207962
1.324021175180421
1.3603604532314941
1.3558530732624725
1.3386285778363598
1.3573204752420183
1.4199676735673417
1.4407750949811362
1.4391694280763934
1.447799304180276
1.4348031114802857
1.3599699055353862
1.375425284634208
1.4002776374616435
1.4099726955445773
1.3588342881204492
0.7531475900294207
0.851525359862089
1.1361448526211084
1.1233197994610673
1.095482926888801
1.029929175851461
1.0352191432302258
1.050884705208348
1.0972936206209307
1.083453718623837
1.0435966367624492
1.0347472588389508
1.021638451339871
1.0374940134260622
1.0122037925496514
1.0032272891260616
1.0948098277716176
0.9992936746568074
1.0688408037556545
1.0366195505991556
1.0290133844246243
1.0064528402846802
1.1645748600336818
1.0434352558255764
1.04966629958603
1.075021466763112
1.1541847296939045
1.150809107254366
1.1813248417950433
1.0892780569354428
1.1794806960222484
1.078638721000439
1.2082771238454224
1.1890415536249954
1.2168677742587828
1.1808692996215162
1.2238780628193582
1.1947769721297414
1.198024975561576
1.3056553389623193
1.274562940600165
1.2825328015747801
1.3561130498509977
1.3288461962679066
1.3326155337566907
1.347522981556951
1.343170029362681
1.4471269142651937
1.4795067258151078
1.4651628120917648
1.3680695665453628
1.3488082303125652
1.3696482863125738
1.3543207985248873
1.3723152315782154
1.3892961792924003
1.0716621846393173
1.1125940266267722
1.1130233396498073
0.9799758521184992
0.9770843267733665
1.0377024641179176
1.0377232714977906
1.0515535141633479
1.0221592114316584
1.0690917801809128
1.0418558820811228
1.029154048496723
1.037619867443815
1.0479415844747602
1.0446171293530544
1.0509960282258768
1.0404643578044084
1.036442415351758
1.018370780280549
1.0859951350815205
1.080910403537302
0.984764709107546
1.093930829655849
1.1860523313850801
1.1572616639901512
1.1331474654444438
1.2262987916630057
1.1766729203906987
1.1065243419373778
1.2037536491957381
1.1614117005153142
1.1574809688655312
1.2028191437914413
1.2012266579024036
1.2313034299843086
1.2065086913134433
1.2088446411517064
1.2126587914322127
1.2129337170904768
1.252730304505077
1.3064308456004896
1.2690862178321487
1.286564123575408
1.2689136367016216
1.328796233194547
1.3679779797949703
1.340343349976514
1.3266504143761608
1.4179923590518875
1.4629908048309346
1.4523121957028915
1.4534762399614047
1.406060260719801
1.4011692928498742
1.357092064374873
1.3360085089205933
1.3692547022527646
1.3540957867561059
0.9056132882817834
1.0956376470079097
1.0856945596058138
1.0174034400225334
0.981995212900517
1.0628955690446915
1.0643209743603907
1.0310319383563515
1.0370645225167656
1.0310259548508416
1.050545981493823
1.0340565004466604
1.0128933570492302
1.0123920604514776
0.9716721199436353
1.0140607093343141
1.04372520283983
1.1075457371145134
1.1020337115635714
1.1180540565413029
1.123493500266325
1.0709604678809481
1.1247789144047877
1.1065427932586351
1.1190792352489887
1.1448165554427712
1.137147457331495
1.1218597687353609
1.2435396321604293
1.21743605268311
1.2174546328029803
1.2349546217557326
1.1989302620476816
1.219640161909954
1.2086489965833154
1.2212062909463601
1.225539276887603
1.235940534365361
1.2382431440070032
1.2734486839252082
1.2404807962287188
1.2855131740138477
1.3350463801076373
1.3186910000781757
1.3339687714012327
1.385064653780488
1.3733842494113995
1.4190423379398407
1.3405037765421637
1.4169148567099783
1.4216917883538263
1.417201876921687
1.4291608433147303
1.4164305013634366
1.390610790640588
1.3598605990497905
1.3632332264057938
1.3602746103876522
1.3537234508932663
1.0595105259613216
0.786497862824755
0.9856603648468085
1.1071150960492537
1.0100919221555014
0.9858329170531993
1.0927238587636066
1.089760160033101
1.117597564779663
1.0931914090897494
1.016963081205385
1.0114527666686568
1.0435590561655685
1.0256801359759409
1.0427773684934223
1.0367923345817172
1.0494572160373334
1.067487827550875
1.1380553512875085
1.126201120362805
1.0530527885061678
1.1343985693439484
1.1369722252014545
1.1368114374291152
1.1095813383415436
1.1497330774944248
1.224398401548695
1.1801499363446029
1.2248848828887933
1.2080426010363132
1.2551655447188426
1.2381346579146086
1.221870348761965
1.193849589096675
1.2529345991843357
1.276209108753309
1.2629506704429967
1.2731399853921637
1.2681659191277554
1.2527641898295805
1.297784471337308
1.255806674439329
1.2970190834377995
1.2635022332296146
1.3918841652640697
1.3757063334604016
1.3570727442795765
1.402230821249803
1.4004382780184523
1.4087458050366672
1.4042411735183806
1.4119622983774305
1.4080617552493457
1.3905075900108588
1.380066393587843
1.359955486655194
1.343196220089714
1.3461941712760874
1.2334815690408494
0.9374584251325997
0.9565950380018846
0.9670047341453957
0.985392014463961
1.0094650513642842
1.0085930836429733
1.1225015342554714
1.1121405106588929
1.068714022113964
1.086228422780282
1.0944742301795063
1.1039830848990202
1.0748570829842659
1.0696030319359204
1.1298604477673206
1.1174707941403397
1.0934408263281798
1.0868049356205773
1.1411587854690726
1.1211057521636674
1.1348995565896
1.0995079255451847
1.1320593192513768
1.1882486447884733
1.2273113452869797
1.1895434826102154
1.295733533484375
1.1161444590412533
1.2319744449033354
1.2856423975165872
1.2187595388917927
1.2320534900410174
1.2318722032852083
1.284546041855903
1.339352367018431
1.288587365953876
1.2763427267353455
1.2739243323062008
1.2728609271875628
1.2764494039188092
1.3193381107331599
1.2903154221760207
1.3435117809396417
1.4176139586854224
1.3674227984910927
1.361095618409078
1.3647398887344895
1.3839054756354536
1.403613113661469
1.4302374898851558
1.4273081652692425
1.4266931942516108
1.3752643925056196
1.3633399461023297
1.3644269767471366
1.341456735358806
1.3498989108170902
1.2440064666516115
0.9019875658112029
0.9402881800133485
0.9667934985548404
0.9432049114731841
0.9498046132767808
0.9116681810638856
1.1475719113441831
1.0897602948195746
1.0086420881241782
1.048303778832434
1.1534598669170266
1.1415130845155201
1.1335399686427992
1.1527033292649211
1.173557515082708
1.1604160732015918
1.121573715996508
1.1079371681068455
1.166501189048862
1.1577282081248796
1.161960960803965
1.1890752774416422
1.1331494746397028
1.144172735663662
1.221449469988407
1.2367533428657738
1.204358789322692
1.2094528813505578
1.155241800630024
1.317221935011338
1.290656715659348
1.30978023693436
1.3085052598614508
1.3386861288964735
1.3238565876695387
1.3477991140386536
1.3459094153351994
1.30799766111356
1.305502275082419
1.2715589817075703
1.3798607492465842
1.3934042801145687
1.3853320309199535
1.3545825330747812
1.4032310450928642
1.4563507623195597
1.4475253526351093
1.5128103380838989
1.4667984565941894
1.4840890309414672
1.4475264181026501
1.4388567772997702
1.4301662658811471
1.4003122530471672
1.3910697135799677
1.3450100661536537
1.376059325035068
1.27325696740995
0.8869987008497979
0.9490214646111762
0.9691678317442205
0.9829096813045544
1.2025094757016181
1.0144570091825267
1.1136852988860315
1.123675540221522
1.0933941446932856
1.0428388517851954
1.1205197524081199
1.141584239932041
1.1562664012493478
1.1500787324211972
1.1559346683586975
1.1592738268216527
1.165672283014205
1.159691242224868
1.2111655348004093
1.1425029431388658
1.1386518698566133
1.1430691922481788
1.2943996713444565
1.2753918471609473
1.1883072366869472
1.2679383031646476
1.229808446827015
1.2971671468680797
1.3368722177058683
1.3680523877862127
1.3389206417142228
1.3311455049151875
1.3293975444703872
1.3574357212879313
1.3957344681848716
1.381271383618698
1.3845122396140614
1.3489529503742075
1.3675051851190982
1.3493813026338832
1.3826868465126612
1.3931660758173108
1.3923901930978695
1.381908534624124
1.5017866480586344
1.4631165509926967
1.5121592792325327
1.5129932522845941
1.5104110368160937
1.5235067117344465
1.5160539298028022
1.446729990626452
1.4328406631918353
1.4169891827978423
1.3568593390463188
1.3758168365534955
1.2784027129674356
1.287388098316346
0.9535138599132695
0.93538539446542
0.9775347615009102
1.0584242513490942
1.0408738186109705
1.1048843967531297
1.0889856712699464
1.1420580244944636
1.1374858960329512
1.134427378868681
1.1134100745502142
1.1124361852257292
1.1732461330181843
1.1861544979180252
1.2003350956790182
1.1924635982890497
1.1890527332379603
1.1714966636689237
1.2368633751870877
1.2457104666519243
1.3000869134318007
1.3088218900612478
1.3141158094332939
1.3252742982823136
1.3365283287865029
1.3648333609052001
1.2659817270918232
1.3726291810794946
1.3399020778803326
1.2280005100781743
1.3840253532966866
1.3818147824643212
1.3757366559656927
1.4039382165341938
1.361894237433584
1.3726624072572486
1.3716903295055514
1.376080299908576
1.3922649693909055
1.377196790503205
1.3829129418364874
1.375662983929444
1.3801118930479064
1.3830532967276234
1.3829394951217824
1.4956667800932932
1.52672368229387
1.507814608942541
1.5262615193228062
1.4869854739051351
1.4850489578096762
1.4615969339542012
1.438927213862982
1.434822664568588
1.3515151587007168
1.3006336258429614
1.2617637058791096
1.2539915925192768
0.9261427115292051
0.9542623834202347
1.0932014862998878
1.0824327266223002
1.0572564231571766
1.1545443187363496
1.1456553585615352
1.1499505609797387
1.141283568420845
1.127951500155262
1.122612297547727
1.1804934663076807
1.1746263508611186
1.2067000573709095
1.2135353083308391
1.2387125081963606
1.2213334789033534
1.2156734523905137
1.225120677643392
1.3122777298425048
1.3206306022258247
1.320558972456591
1.3402218666770882
1.2917191159623815
1.3840587834621616
1.3278282700515085
1.4664659546954621
1.4114474173028968
1.2634757274457786
1.3843788231632517
1.377696805076476
1.3865543735282662
1.3658964590876466
1.4007288317083344
1.3805676031341383
1.399366310373231
1.3863852906134264
1.3809964131709933
1.3849319799318582
1.367434292099579
1.3692323891535836
1.3740333425938889
1.3841909043096594
1.3718655599074159
1.3715464557321748
1.4709412488433329
1.4732312025573184
1.4645699043280922
1.3730006157585308
1.4944083172751184
1.3844351620161526
1.4015861407775676
1.3341906821206324
1.3931069796656184
1.2946390295092782
1.2197029661084469
1.2416552195700363
1.2121740074269658
0.9439306437371886
1.0343809566094464
1.0552260914736387
1.0755224567713246
1.0421297778563254
0.9496692097125032
1.1009893926117702
1.1110509601009646
1.0907356449561796
1.1499417474708078
1.156356401208043
1.2095960593893422
1.199832172222795
1.2444252049918296
1.3084647916719094
1.2676819111661473
1.2658165553952945
1.3127268332560473
1.2948381299838205
1.349058241067731
1.3425915160268675
1.3566440596413056
1.4127617944848911
1.325991807107278
1.4452684542365188
1.4320039119754582
1.4046041964345977
1.4366894228313738
1.471057928039597
1.4427331137644979
1.449228186483655
1.4217660196840243
1.390419805350663
1.405765636842392
1.4103414294205658
1.4292146974750728
1.4682292575192348
1.455330022049866
1.4346993528069991
1.4408298403145932
1.4398312009525398
1.3849151163980389
1.45557495601126
1.460143488466437
1.4606672997030687
1.3904996674351107
1.361619021649522
1.3924775370870175
1.4141273012421856
1.4784022243449755
1.3532941394506282
1.3478800847333483
1.3384287483677084
1.3198228738130628
1.2851968015301
1.2201926436497088
1.2394022664098803
1.1542555493452187
0.8837132852160332
0.9235525048535624
1.0260338687454338
1.050854513882753
0.9690486242087214
1.0882583451175938
1.0918517239005145
1.0903341318969613
1.1277362214181663
1.1530082205301877
1.1797827135205168
1.216317465523535
1.2380041535739772
1.274837535988152
1.2185100368883808
1.2395762901265601
1.3016380062269846
1.2898694476975048
1.4294681136672556
1.4041773654992107
1.3788116138541981
1.4544775787673703
1.519213589138073
1.540393802533643
1.5407387599113411
1.5158085452527141
1.5070715330968836
1.4946492550396275
1.4544474335049704
1.4515435406057609
1.4275941247875392
1.460393750452546
1.4187359673031543
1.4186357963075646
1.5061289581957886
1.4955394984139212
1.4853464961959713
1.4387710237859852
1.4722728488483614
1.4784393325384106
1.479908853104561
1.4440378323038143
1.439441908614921
1.4529682858285935
1.3933018135073036
1.38681145446592
1.375827779613529
1.3963297278040032
1.4195162306663072
1.3974962582227317
1.3831149464168906
1.354773962558423
1.3553900290001049
1.2455463804871258
1.245674974459096
1.2397055033728839
1.2351969373006506
1.2246292524025975
0.8886585067301501
0.8778665875415498
0.8899044862448442
0.9288506301971206
0.9658708431795748
1.1171788843996229
1.0777295658829227
1.108267429872906
1.0947464330698717
1.1471021328323292
1.1887792040225964
1.2357662958059847
1.2400585938602056
1.240807445536324
1.2440495039147748
1.291933787803126
1.2988205155747807
1.4203078033339809
1.377016798411568
1.3739889246920876
1.3835722153072
1.5202990205900642
1.6125093934209682
1.6129938331679827
1.597413606779237
1.5664724149199536
1.5528652505167941
1.546364260530293
1.490846821875629
1.4646595126674453
1.450593945621406
1.4189729328511995
1.4239955956730883
1.4961864994127447
1.5089543811682293
1.4989477144171262
1.4696061934475178
1.4365466908282278
1.446630387324377
1.474432527539382
1.4645146422833295
1.4346417627372792
1.4336409644861465
1.4455588373463324
1.4203530995554619
1.4080575303999177
1.404833978782832
1.4052292001508622
1.420070595076963
1.4172339026575118
1.3685494109642198
1.298371749422105
1.2599615773454274
1.258866775543265
1.257431957124688
1.2606905092338356
1.258930423031277
1.1872855436045182
0.88033110315581
0.8577488790113432
0.886050892859539
0.9152880529093671
0.9099417118494896
0.863590691403669
1.123798081930329
1.122634278803408
1.122828754915095
1.0841853518065976
1.2151148059332426
1.3005958490822958
1.3268563350764935
1.2836850006566383
1.319619528757389
1.368061245610837
1.3678571252909424
1.4271033073002573
1.4678779171709504
1.4499872298179342
1.4580194132540232
1.3880164091517009
1.56740016178437
1.574051115790888
1.5825911372605672
1.5836989360505334
1.5743889785695424
1.5580401392238774
1.5613697842427574
1.541787316508628
1.518771336606268
1.527420847747477
1.500195466635499
1.5159463336886052
1.5076054427528884
1.488189760712594
1.4487098205786446
1.4613177288428918
1.4716624446959443
1.472334503854015
1.4568694341850674
1.4624375439284663
1.4653943750228977
1.45478152121267
1.4286872195702291
1.4254735849638291
1.3960757147752143
1.4238916684028038
1.4222280574439088
1.422975645667654
1.3463714653932566
1.3118529378129675
1.2763641319337657
1.2540348141870084
1.2786106600513372
1.272866870143678
1.2192325484851085
1.176557009350374
0.7992130440964553
0.7832103036300353
0.8161071918910962
0.8279127025310797
0.8251666280292668
0.8172707586014957
1.092761764803326
1.1453008019273219
1.1396503357424481
1.17700386252778
1.1890838626561442
1.2151134762356772
1.2684307825585561
1.3213875937236779
1.3693720545874155
1.3860732912192097
1.4098338224547513
1.4823791263397292
1.4777380934628055
1.4850250710566142
1.4969039711397332
1.4603361678419131
1.4854033564793052
1.564253559160809
1.560558934526418
1.579235082585086
1.5817156690792988
1.599038854312008
1.5856296076895238
1.562039215331743
1.554201841494768
1.569010813837336
1.5473323053694188
1.5190095220569957
1.5083814622353295
1.532433606674802
1.5254361482717502
1.5150037055073597
1.54545330164496
1.482767101415351
1.4805178415751667
1.4847788617995987
1.4778890223649517
1.458526816747904
1.4575726512933151
1.4575328955404032
1.415341847088739
1.4026257812627392
1.4139817204045386
1.4104036047017319
1.4036089277456985
1.3475814062524505
1.3363008706469395
1.2883864444686661
1.291469719817679
1.263007599472944
1.2130374338630994
1.2362507988397502
1.208929694131944
0.8222464281066605
0.7842310866947605
0.7747278804546501
0.7743946894721924
0.8036672980904052
0.8040868246985382
0.8123184970310762
0.803225242669385
1.153620116839333
1.1521014642586587
1.1960998033649728
1.2704989149520913
1.2668164804435644
1.3002106215879623
1.3263500006757512
1.4086357474893776
1.414884152803729
1.4463074162990617
1.490374716245473
1.47128392085316
1.4688593383865467
1.4435591179359968
1.4663461053329103
1.5849696306110683
1.5754328998901357
1.5730950778827766
1.5550453824737767
1.5468622936356784
1.5986580564542432
1.5967332490026047
1.5884765997388293
1.5830584742289369
1.5628995783906199
1.5093196622283338
1.5746933288928466
1.5431019957738603
1.4765147371358573
1.5247639409459492
1.5182960145272177
1.4837623836625828
1.5087623614630736
1.5193718056561492
1.4856093702502404
1.4683797133330454
1.4852890898235933
1.4218598751845855
1.4789229951284784
1.4523835978553892
1.4068203559546488
1.3993469441370086
1.3643680353440444
1.3783799928662999
1.3539532436884234
1.3189978910440896
1.3543559379855452
1.3105313351247494
1.2691782283597626
1.3060446962429717
1.223944309853054
0.8419978752072604
0.8417738540329986
0.837408372082288
0.8041380628373578
0.8575614312203093
0.8791145794898372
0.9124374302789366
0.9148157202083651
1.1467687095826944
1.1913648396002317
1.1916438151828939
1.3173251345414567
1.3214743509559974
1.325490073759521
1.337507511959465
1.3558288604053783
1.4165049047138005
1.4313520147486172
1.4465412360453824
1.4618933676833807
1.454884554395868
1.4826158269895795
1.4714836262754407
1.45870304464434
1.4639684789556866
1.5664461127836822
1.5391559252058713
1.5664677733985848
1.5743589834679752
1.573139849700038
1.5695237939389306
1.562650317385211
1.566193195905678
1.5663231760873944
1.5576582768494247
1.528010083348541
1.4897538337805238
1.5033452219284567
1.5061819619963563
1.5138756191578702
1.5075411380457882
1.5261388104541689
1.516666466919279
1.490943865349699
1.502744457978899
1.4003679508750024
1.4721842526690547
1.4082998910819151
1.3966913365453073
1.4190933674055157
1.3745933339798084
1.3862250347951373
1.335440422007689
1.3524305461955295
1.3352082131732013
1.2484203339615825
1.2316541588488399
1.1561265920781667
1.1667597355460448
0.7629674015846978
0.8232771519419201
0.8185683399078765
0.8175688699359218
0.7910693975772647
0.8258394848860734
0.877012671167066
0.9051530272700441
0.902245476774809
0.9606880562443441
1.2106210664790087
1.1509232722006741
1.1774630208828933
1.2222124276282684
1.3315684995365697
1.2492377799612682
1.2974042962460979
1.283910339813638
1.2600937126025615
1.4423101831351193
1.4734146937112094
1.4179670319140036
1.451213869457323
1.5032314885473201
1.4992159926024948
1.5133198505948406
1.5238088864336787
1.40353279422431
1.4191543829886355
1.5002139716120992
1.5455971429423903
1.5490417711779836
1.5422798275564218
1.5447224361559195
1.5619605068146007
1.571345411369863
1.5675688351512131
1.5292134716412185
1.5256128791605006
1.5288143690133766
1.5304801210501826
1.5703980149808823
1.541971365734814
1.548262081688291
1.547849196136722
1.5004302866710513
1.4888388211102777
1.3966584190881202
1.383726993105345
1.4051032390030327
1.4035481259115559
1.39596350088856
1.365018187717925
1.360009111155762
1.3379003898504798
1.31199820764428
1.2872309794936552
1.271480832981963
1.279022318503565
1.189905347716844
0.7413095729401478
0.7412654849211822
0.7351422936247065
0.7542104257980291
0.7869434350926837
0.7789424063374473
0.8121397349576146
0.8599177763714948
0.892134582623429
0.8925773661019084
0.9741398894273802
1.2184673030397268
1.2141125869358524
1.1477481486913947
1.2020739368052584
1.2957643104812948
1.3122750994545798
1.3223565503146497
1.2790788193105678
1.2912507619342846
1.357473322927628
1.287725376904215
1.3714745935106194
1.3349317869139645
1.4801739829220426
1.4440006029605088
1.426625963171584
1.457913528741192
1.4525194140740367
1.4596015262657358
1.4297429053935167
1.4831161030733704
1.4954805189322942
1.5063822088309007
1.5867699061385416
1.5470764061741704
1.5679838349295168
1.5972498783410052
1.573286528000688
1.5456808184896842
1.5132905377692774
1.5373007516285455
1.4930271019213377
1.5237045371344675
1.5003481992921768
1.5471432924645292
1.5391108328610486
1.4996735616669814
1.4640805972389466
1.4495972704116118
1.4095253981770905
1.405523152684119
1.4029328431619335
1.400765271203811
1.3685721645072615
1.3410835190636903
1.3032604573018174
1.3105937064092363
1.2701900199074134
1.2213005856992187
1.2055903327704915
1.2594532490787858
0.7589244006100477
0.7647496727496883
0.7847454257184817
0.7828810979842223
0.7435362237275568
0.8037558444730267
0.7721555386008014
0.81164357030277
0.7879266660346875
0.8276964042052147
1.0857232409648603
1.1002917615887835
0.9513969985513204
1.1890493978948178
1.2281790196430014
1.1578062326492269
1.168234878900715
1.1733492894357698
1.2788893250451967
1.2563162443422766
1.233460312795155
1.234894734244015
1.2675425131875415
1.2669750874870915
1.337595968961707
1.352279300932795
1.4729477707365424
1.4594401513875495
1.422993141992312
1.4281144467995244
1.420050425117553
1.4354281665560211
1.3862563457351424
1.4094441650836813
1.5009319646992576
1.5701664555483983
1.5384204926129812
1.5659803370952952
1.5484521911973899
1.562231174133576
1.5596645540625613
1.5189632514364722
1.5488211021141993
1.4814471650904701
1.4834368526573212
1.5215931700760161
1.4981844070914287
1.517480394711804
1.4765859139668085
1.4816512505454973
1.4396434804026157
1.3676923894722768
1.3969300437737755
1.395148061570395
1.4113126962892928
1.4185208627311547
1.3774500195438633
1.3539453784323938
1.2465768817826874
1.2693368874501185
1.2584909505765522
1.1831215440561391
0.7784133829626152
0.768931018664941
0.7873257931187712
0.7831513194054192
0.7678586214038943
0.8121741883723481
0.8359505467361394
0.8499344068642476
0.8592680153296811
0.8746608162827277
1.1019593358341884
1.1620290312683066
1.1806815845293261
1.2611281087221424
1.2432027718574648
1.207514058733989
1.1982151222322357
1.1903746454273256
1.2049336987490975
1.2848241626267387
1.250670665626191
1.2827309183923337
1.272933106262
1.3042304927402448
1.3363056521175636
1.3650804905054377
1.3673743524066195
1.393999481066166
1.4025323142976573
1.4407124972090812
1.4984640947004115
1.4851881164708556
1.358249793898592
1.4447058138427538
1.3767876544388948
1.5251462383143324
1.5394779749725909
1.5490115697272628
1.53913430967527
1.5395362230017913
1.5358936992113774
1.525358825078294
1.5065253931295817
1.5143239088367788
1.493120708150564
1.5363371417349216
1.534783120730417
1.5143933571253752
1.4902033672943595
1.49193600645214
1.455332747129088
1.4355816508145518
1.4248096794931762
1.3837722129798913
1.3696987967470324
1.3779679569554324
1.3853212159515624
1.3788381928577127
1.3303241761365143
1.2401609304355896
1.322054383185147
1.2616026972609686
0.7521171367713814
0.7801041664786535
0.7876691785582668
0.7747093946706124
0.802107959371575
0.9309121783825891
0.9599287061361749
0.940364564911859
1.1219827051340532
1.1572153990600378
1.001723971324411
1.031110646714016
1.0541827072289105
1.2468244782599252
1.3433229016375439
1.3289874533780988
1.3420138478179928
1.3659043630628067
1.3555782021342342
1.3285165379352022
1.3551255238287228
1.2862667376679537
1.2991155930738854
1.3152525697368758
1.3652351053461345
1.3153635731065276
1.3211058296358131
1.4126757046468112
1.3372807146427275
1.4109658697086287
1.392951029701831
1.3816838695719813
1.3715323191992024
1.4311727268756407
1.39247579659001
1.3995950635990948
1.5339518017464893
1.5288984827082719
1.537792550468393
1.5111712787359048
1.5141195222793011
1.511740225505577
1.5148012530366028
1.5201646703549618
1.4975529328005286
1.5463298272572963
1.5375668756010348
1.5240458990784296
1.4642956296251803
1.5054014912542015
1.464910757851813
1.4310406326596945
1.3414659330408052
1.3384614517721491
1.3430684329414968
1.373309969873105
1.3874670757971959
1.394180441325184
1.346735690638308
1.3085138472635849
1.2917206510836443
1.3404781358802418
1.3015592936038258
0.7713961589152325
0.8081822444581973
0.8275449262400294
0.8318887163422304
0.8730363134371171
0.9856887531017089
1.0375439179986483
1.021239041276476
1.0460688459203735
1.2106305302002964
1.2274585431764442
1.0820136072563276
1.1097557997557599
1.1300629738624277
1.2936664004996647
1.2999082784195466
1.3071871269802289
1.2910649882904404
1.262502300983174
1.2747943859093578
1.3120322975402903
1.3040713482626505
1.2825210052151543
1.2401774527366969
1.2568138621759886
1.3462714743818982
1.2733787834129997
1.4015080108860132
1.3935983872935165
1.392687435623625
1.3870506971218959
1.3766085691581136
1.4448082947524301
1.3933144641134627
1.4338343369066475
1.4170600843862795
1.4113213866770198
1.4809477137891458
1.5310918753524203
1.4854020215236914
1.4910079007312103
1.4607356287337439
1.4499186981739354
1.4426688701019532
1.436826262515314
1.5291949333760693
1.5254042276526145
1.5094827108036817
1.455899452739222
1.4533740165227285
1.354463953581849
1.3275894743752679
1.3256846516182372
1.3354595051162919
1.3457299865176644
1.3464494674090344
1.3626501878879296
1.3501843484106881
1.2454646536216714
1.3214264990165854
1.2360588979831024
0.7813199418240802
0.8104472766948405
0.7957881872844382
0.8082937387336535
0.9385131783025937
0.9530627066733983
0.9883620051111722
1.0242352300947404
0.965569915648788
0.9468325865924194
1.0620665010969212
1.1061699903281546
1.1550903592365995
1.140098770687942
1.1112879097888506
1.14960946722371
1.308070259467346
1.2092218662860081
1.2922591954927516
1.2941321210353511
1.1714831849949092
1.259508178705644
1.2430695501135913
1.2483362066317956
1.2562030634252277
1.23397839642896
1.237981788494852
1.2552113589175153
1.3621953847858128
1.3626236165121794
1.3951186873912924
1.4032710308435798
1.385601741647195
1.3884235587726101
1.3641275064916019
1.3679776576736555
1.3544397158919363
1.4297054579190505
1.4756844852556512
1.4104867611576937
1.4758565246167425
1.474716719821334
1.4427053193139017
1.4400474573333386
1.4439813267348474
1.4593248079865364
1.4664508300756942
1.447098645939665
1.445365559962991
1.4277635743051549
1.4124454301353953
1.395434506357968
1.3563101113920841
1.3339398118342867
1.3285027727550487
1.3226792485455205
1.2719226306712959
1.265711245012429
0.8024971858157912
0.8247151693125295
0.8406649087806064
0.9070309696462008
0.9210362707708154
0.8999350826765631
0.9179643078503347
0.9231559244905471
0.923577553850601
1.0709477126197013
1.096502550985019
1.113579847132442
1.1166800753175077
1.1222617168509645
1.1043348795445014
1.1090275924326776
1.1084057884488787
1.1312186149551866
1.147319538924032
1.2136049036832215
1.2621465281788284
1.161544297824322
1.2880298955732106
1.2337326865373337
1.2966089472478286
1.32306115354479
1.2985361736244643
1.3117224331613648
1.3253555922435538
1.347484884239038
1.3600613295588646
1.3780295676740364
1.3898801406858552
1.387327008630665
1.3686570039825787
1.371804850166653
1.3992788715268334
1.3943051242899396
1.4042675850057247
1.4993242995003797
1.4887396671414033
1.4510759571607914
1.482261653696975
1.4370565654082412
1.4282414638126117
1.4258150797636902
1.348545157206448
1.4278364612480416
1.4224961419902444
1.4535874496844647
1.4164238644984253
1.3941505199687303
1.3103152262048046
1.3000509850218416
1.285269773521739
1.2690117365007734
1.303475313089562
1.261353809455361
1.2565210665245243
1.2837269365290094
1.2337566168315273
0.7609356531793365
0.8194950780392165
0.8572010635689787
0.8659815165722351
0.8930867068832454
0.922354130505072
0.9370236039358268
0.9206984346024387
0.9400859409485662
1.026166567613264
1.1182073612675856
1.135675326719736
1.1622605168537283
1.1266675544945055
1.1330930213779942
1.1332493465981819
1.099763723555203
1.1080279783639237
1.1106248522871716
1.0946608276259466
1.1913221183936236
1.2038501040572016
1.1486910131497177
1.2678802632443202
1.270472959789944
1.268902697669964
1.3400625572731937
1.3334367730382828
1.2527104301599423
1.2938102496942312
1.2948942242760086
1.325200979819711
1.3194970836705056
1.3312333916190806
1.3716034823118977
1.3543082717374517
1.4210337133602273
1.3459766949751035
1.391527060153538
1.3942935361447006
1.4026325357768765
1.3987086530469035
1.3976315753663668
1.4728485941116605
1.4288130548433422
1.4183636682221983
1.3426031675067098
1.3504343763218292
1.3340738133757124
1.4144588143741343
1.4370324941967323
1.4400265981684857
1.4114439310579054
1.3845190824969178
1.2700724662766625
1.2772555813349429
1.2587304272429938
1.2467500807747476
1.271148777295049
1.251870612133647
0.7650950314121802
0.764542401881827
0.8031437704308089
0.8738924344651186
0.9195806021916272
0.9331818459475463
0.9136390853384565
0.9238431904568343
0.9468812970875269
1.0754071165654788
1.0779740443696235
1.0966514348384022
1.0547719311743566
1.076263985320278
1.1201559284905866
1.1199518731653315
1.1700698846991129
1.113821138211382
1.1015009745799633
1.084538286314627
1.0634192613487037
1.1135896738903552
1.1521145322228905
1.0977528689020666
1.1769698552275145
1.239972063117792
1.1932055747558754
1.2737711455211933
1.2682738052471358
1.2561408563474206
1.2478436832630302
1.315414716375976
1.2676909489099206
1.3242233451816208
1.345642391680587
1.3535232454887207
1.318047472167468
1.3729513501379782
1.3696503775458684
1.3760835021512092
1.341667444996953
1.396088655881064
1.38393853722265
1.4006535903261088
1.3911996904671995
1.416655773378598
1.4113570323182794
1.372118327672884
1.3894799720488198
1.4168714721076914
1.4132588918878877
1.4141371168920394
1.4414758718396907
1.4005760900984712
1.2777719438779134
1.3575942903462865
1.3463806295007053
1.3370070239571978
1.254684014157383
1.2567151608451204
1.2546351953233479
1.2543136108570925
1.2508141751057826
0.8351276428198581
0.8452691388882568
0.8731596291048488
0.9088849924792375
0.9348005049465344
0.9168995331719872
1.0719125689850881
1.064161977128965
1.0735593722935233
1.0836647821608714
1.1025593968493979
1.0900241747691728
1.1458011245190207
1.0965773637970317
1.1082061967137145
1.156537396147317
1.104360416709436
1.0865823158438186
1.0551121520879871
1.0302128011009073
1.105574944750893
1.1841727545523186
1.076313866391646
1.1643739215608566
1.206851959961708
1.170798201464067
1.2931512732960087
1.2045102554997311
1.2146996278282822
1.2724520659644865
1.3203569644766289
1.3338904800216274
1.3174128840217796
1.3762097713122436
1.3273642468782592
1.3382993535730676
1.337655321374024
1.3237851879369384
1.3229436902193275
1.3149846824786156
1.3312852492246219
1.3841507918433973
1.3892343809826724
1.3984762887725455
1.3717524898726077
1.4067396975630004
1.3303569131557675
1.3113382340576063
1.3313643557658073
1.4267322650699281
1.3902252543691922
1.3684929547849594
1.3585448294887108
1.336192486056801
1.3468478617705324
1.332799703733224
1.33975391334434
1.3261272209664736
1.2463592885360872
1.2390977105487644
1.2403741045162664
1.246801682352591
1.2488860497200425
0.7834822862812368
0.7779014660439356
0.8234736525398477
0.8543139394831146
0.8671079717956165
0.8938058041019985
0.9075762209520297
0.9156240352446201
1.0781166312181518
1.077883223133504
1.0854347693882647
1.0885180012100362
1.0965112581996381
1.1261634920815866
1.1067913251395898
1.144627355052561
1.0855235380383037
1.0913644209799405
1.1374080272439786
1.1355556189374105
1.1001599927979386
1.0948341784113693
1.0952465812316043
1.1695437739999313
1.1313985031735958
1.1060033301527632
1.1086066692014978
1.186083725310903
1.142639341576657
1.245606817180167
1.2564998493384505
1.2606870721400072
1.2820799381914474
1.3246418416118007
1.3262217532437361
1.3160035024198002
1.3273703884442998
1.3642428773456914
1.3121889093588974
1.2986799923798764
1.3449895896262634
1.3492901891410283
1.2535065057430181
1.3567259098969922
1.2560069603620572
1.2595727850098077
1.3987678800708827
1.3245886704533845
1.3278432037259356
1.3755676848995457
1.3782820042842105
1.3698821093116773
1.3734371891788932
1.3539564982637604
1.3195014807589438
1.325044354005264
1.3154706590289458
1.3243764081076081
1.2409024406549292
1.2300549406062458
1.241201228356517
1.2382758837052228
1.2327531105175364
1.2338831658439515
1.2118604270826878
