29.924051490514906
29.287872628726284
33.25962059620596
33.172831978319785
30.892411924119237
26.39247967479675
21.084078590785907
22.650067750677508
26.68739837398374
28.661111111111108
29.81605691056911
29.48353658536585
28.752574525745256
28.694783197831974
28.427235772357722
27.59430894308943
26.984823848238484
25.459485094850947
25.56266937669377
29.669850948509485
30.37073170731707
29.537737127371276
30.020054200542006
31.75968834688347
32.65223577235772
33.76849593495935
31.35359078590786
26.840650406504068
21.59383468834688
20.721883468834687
23.502777777777776
27.56321138211382
27.79613821138211
28.558604336043363
29.59024390243902
30.586856368563684
30.01090785907859
29.411924119241196
28.05169376693767
27.100948509485097
26.17418699186992
27.75386178861789
29.500067750677506
30.361314363143627
29.345460704607046
29.189159891598916
32.2229674796748
33.12215447154472
32.2409891598916
28.995189701897022
23.944783197831978
20.973441734417342
20.41158536585366
24.329471544715446
26.515176151761516
28.207249322493226
29.838075880758804
30.326151761517615
29.884485094850948
29.575880758807585
27.990379403794037
27.299457994579946
27.51280487804878
27.62682926829268
28.062940379403795
28.88150406504065
29.92642276422764
29.962127371273716
29.369173441734414
28.721544715447152
28.232452574525745
29.81768292682927
30.98888888888889
32.359620596205964
33.234959349593495
32.44037940379404
28.336178861788618
22.87208672086721
21.659552845528456
23.269376693766937
24.864092140921407
27.368360433604334
28.5329945799458
29.759281842818428
30.113075880758807
29.325677506775065
28.551626016260162
28.675677506775067
28.267750677506776
28.25325203252033
29.07208672086721
29.270054200542006
29.665785907859078
29.382046070460706
27.740718157181572
28.44071815718157
29.475271002710024
28.91219512195122
29.261924119241193
30.427439024390242
31.324525745257453
32.858672086720865
32.235569105691056
30.206639566395665
26.04139566395664
22.08848238482385
22.679403794037942
25.43509485094851
26.662127371273716
28.331368563685636
28.60853658536585
28.210569105691057
28.940243902439022
29.164634146341463
27.509485094850948
27.553929539295392
28.587466124661244
30.122831978319784
29.964363143631438
29.648780487804878
29.429336043360433
28.999728997289974
29.431978319783195
30.78462059620596
31.65975609756098
31.59573170731707
30.911924119241196
27.9670054200542
22.101558265582657
21.680691056910568
23.714363143631438
25.568157181571813
27.036924119241196
28.87168021680217
28.696544715447153
28.174322493224935
28.322628726287263
28.80060975609756
27.297628726287265
26.725
27.769173441734416
29.360636856368565
29.594241192411925
29.5380081300813
29.67981029810298
28.546612466124664
28.422628726287265
30.968021680216804
31.11470189701897
31.964701897018973
33.143224932249325
30.685230352303524
28.09126016260163
24.840040650406504
21.96409214092141
22.3079945799458
24.072154471544714
25.30718157181572
26.85731707317073
28.211382113821138
27.869986449864502
27.95
28.014566395663955
27.85609756097561
27.24891598915989
26.03780487804878
28.02723577235772
28.489634146341462
29.14850948509485
29.250271002710026
29.131165311653113
28.96219512195122
29.017005420054197
28.039566395663957
29.882181571815714
31.87032520325203
31.98970189701897
32.015379403794036
32.62317073170732
32.80934959349593
29.887533875338754
27.183468834688348
24.73028455284553
24.053252032520327
23.184010840108403
23.5810298102981
25.210027100271002
27.256029810298106
28.003184281842817
28.41016260162602
27.46686991869919
27.562737127371275
28.988482384823847
27.072154471544717
25.787059620596203
26.606639566395664
27.909146341463412
28.640921409214094
28.730352303523034
28.825880758807585
28.59017615176152
28.146476964769647
28.128997289972897
27.658875338753386
29.246002710027103
31.253387533875337
31.780826558265584
31.645663956639567
32.05752032520325
31.59268292682927
31.506842818428186
30.491598915989158
27.849525745257456
24.148035230352303
22.8440379403794
23.74688346883469
23.362059620596206
26.11178861788618
27.76788617886179
27.878997289972897
28.767750677506776
28.699254742547424
28.767750677506776
28.312466124661245
27.086043360433603
25.95670731707317
26.9449864498645
27.808604336043363
27.75189701897019
27.819444444444446
28.090514905149053
27.953387533875336
27.386924119241193
27.2219512195122
26.974254742547423
27.25352303523035
30.80792682926829
29.633468834688347
29.67012195121951
29.866327913279132
28.794173441734415
29.56239837398374
29.3890243902439
25.988143631436316
22.801558265582656
23.27479674796748
24.727913279132792
25.323712737127373
26.37669376693767
27.25210027100271
26.558197831978323
28.77818428184282
28.23353658536585
27.154742547425474
27.31483739837398
27.6949864498645
27.762127371273714
27.823170731707318
27.500338753387535
26.891531165311655
26.569715447154472
26.52161246612466
26.521070460704607
26.21219512195122
26.44065040650407
24.398915989159892
25.470528455284555
27.677845528455283
31.25223577235772
30.349728997289976
29.43617886178862
28.85
27.78556910569106
27.197560975609758
27.4109756097561
27.490582655826557
25.35528455284553
23.787669376693767
25.737330623306235
26.81382113821138
27.112669376693766
26.857046070460704
26.865650406504066
27.043428184281844
27.186720867208674
25.316260162601626
24.65575880758808
25.224051490514903
25.764701897018973
26.822628726287263
27.031639566395665
26.609485094850946
26.360636856368565
26.066598915989157
26.009349593495934
25.83861788617886
25.774186991869918
25.989363143631437
26.115921409214092
22.72987804878049
23.240243902439026
28.34539295392954
31.624932249322494
31.01443089430894
30.26585365853659
28.676626016260162
26.639363143631435
25.592140921409214
26.133672086720868
27.06571815718157
25.510907859078593
25.87439024390244
25.582588075880757
27.07391598915989
27.427235772357722
26.709281842818427
25.87831978319783
26.550542005420056
26.291531165311653
24.265718157181574
25.114227642276425
26.407046070460705
26.495392953929542
26.352439024390243
26.372425474254744
25.899932249322497
25.953590785907856
25.784146341463412
25.901761517615178
25.97161246612466
26.055149051490513
25.90873983739837
25.86280487804878
26.225271002710024
23.34749322493225
22.364566395663957
25.94010840108401
31.53191056910569
30.74918699186992
29.415785907859078
28.067140921409212
25.796680216802166
23.829268292682926
23.81192411924119
25.361856368563686
26.299728997289975
24.461924119241193
25.794579945799455
26.064363143631436
26.765989159891596
27.028523035230354
26.445799457994582
26.214972899729
25.096747967479676
25.24349593495935
25.678319783197832
27.036517615176155
27.302032520325202
27.133333333333333
26.37052845528455
25.892208672086717
25.742479674796748
25.787262872628723
25.839159891598918
25.732994579945803
25.86280487804878
25.83570460704607
25.423170731707316
25.589634146341464
25.799932249322495
25.846680216802167
21.680962059620597
22.850542005420056
29.290514905149053
30.99837398373984
31.150677506775065
30.999457994579945
30.578997289972897
29.382926829268293
29.118089430894308
27.281029810298104
25.78048780487805
23.730623306233063
24.20230352303523
24.743631436314363
23.50088075880759
24.363685636856367
24.931368563685638
25.60040650406504
25.741869918699187
25.686720867208674
25.725542005420056
24.411720867208672
25.362872628726286
24.256842818428186
25.490040650406506
26.47052845528455
26.65060975609756
26.232452574525745
25.7579945799458
25.694783197831974
25.386517615176153
25.63028455284553
25.920663956639565
25.591056910569105
25.578929539295395
25.269444444444446
25.17771002710027
25.263956639566395
25.62649051490515
25.624254742547425
25.486653116531166
20.889634146341464
26.21626016260163
31.432452574525747
31.51727642276423
30.63983739837398
29.999457994579945
30.036111111111108
28.671273712737126
28.644444444444446
28.68719512195122
28.377574525745256
25.045934959349594
23.98069105691057
24.24180216802168
24.910433604336042
24.43726287262873
23.864905149051488
24.485230352303525
24.388550135501355
24.349254742547423
24.9880081300813
23.659078590785906
23.83231707317073
22.74410569105691
25.18617886178862
25.053861788617887
25.474119241192412
25.475880758807588
25.43448509485095
25.401355013550138
25.452439024390245
25.441463414634146
25.11009485094851
25.06788617886179
25.029132791327914
24.975067750677507
24.917140921409214
25.177845528455286
25.226558265582657
25.154945799457995
25.132181571815718
24.897425474254742
24.653726287262874
21.93367208672087
23.114701897018968
30.10487804878049
31.78482384823848
31.16117886178862
30.66991869918699
30.764566395663955
30.74532520325203
30.025338753387537
29.013685636856373
30.075271002710025
28.319444444444446
25.522628726287262
23.18726287262873
24.376355013550135
24.539972899728998
22.832655826558266
20.96470189701897
21.15691056910569
23.622357723577235
23.574525745257453
24.850474254742547
19.59383468834688
20.93658536585366
23.7050135501355
24.76246612466125
24.185569105691055
24.50060975609756
24.877371273712736
24.832994579945797
24.87039295392954
24.98753387533875
25.090243902439024
25.242682926829268
25.179336043360433
25.110636856368565
25.051355013550136
25.200338753387534
24.966937669376694
25.028523035230354
24.957046070460706
24.589634146341464
24.45772357723577
24.279945799457995
22.379742547425472
20.95081300813008
25.933468834688348
30.715311653116533
29.67669376693767
30.147154471544717
28.99349593495935
29.103523035230353
30.181978319783195
30.851219512195122
30.328523035230354
29.86056910569106
27.037940379403796
24.45189701897019
24.227642276422763
21.576761517615175
21.48380758807588
19.747764227642275
18.915311653116532
19.190650406504066
23.140989159891596
22.56910569105691
24.066734417344172
18.22120596205962
20.464769647696478
23.712330623306233
24.394850948509486
23.413753387533877
23.702845528455285
23.99986449864499
24.083197831978318
23.960975609756098
24.497425474254744
24.886246612466124
25.02710027100271
25.051151761517616
24.944037940379403
24.948238482384824
24.72479674796748
24.6630081300813
24.644241192411922
24.226558265582657
23.95508130081301
23.967140921409214
23.98780487804878
22.75521680216802
23.81788617886179
22.58252032520325
26.81449864498645
27.367479674796748
29.159078590785906
29.840718157181573
29.536720867208675
28.74634146341463
28.457452574525746
28.863143631436316
29.227235772357723
27.605623306233063
24.825135501355014
22.641124661246614
21.15779132791328
18.131842818428186
16.77608401084011
18.195189701897018
18.008130081300813
18.82621951219512
20.765176151761516
23.049051490514906
21.322764227642274
19.806571815718158
20.514972899728996
23.12621951219512
23.79247967479675
22.891666666666666
23.010433604336043
23.37493224932249
23.465853658536584
23.342750677506775
23.511720867208673
23.950542005420054
24.50589430894309
24.62479674796748
24.650948509485097
24.621544715447154
24.497764227642275
24.202642276422765
23.94288617886179
23.5930216802168
23.71910569105691
23.67791327913279
23.847154471544716
21.738550135501356
22.24932249322493
22.434756097560975
21.484959349593495
23.07689701897019
21.030555555555555
25.650271002710024
28.565243902439022
29.228929539295393
28.87540650406504
29.527168021680218
28.375474254742546
27.116124661246612
24.616260162601627
23.671273712737126
23.823306233062333
21.117073170731707
18.728252032520324
19.20670731707317
18.078252032520325
18.55887533875339
18.026626016260163
17.635636856368563
18.37269647696477
20.43489159891599
21.66449864498645
19.681842818428187
19.0279810298103
20.29878048780488
22.04939024390244
23.069986449864498
22.577168021680215
22.70650406504065
22.71578590785908
22.671815718157184
22.746138211382114
22.829945799457995
23.806368563685638
24.121951219512194
24.15528455284553
24.37107046070461
24.201761517615175
24.041192411924122
23.86111111111111
23.38807588075881
23.10528455284553
23.330352303523036
23.389430894308944
23.31761517615176
19.3619918699187
18.6420054200542
20.670325203252034
22.649254742547424
24.086720867208673
25.131029810298102
25.99512195121951
27.53333333333333
27.608807588075884
26.843428184281844
28.38658536585366
27.96382113821138
25.040447154471543
22.972831978319782
21.723848238482383
21.696951219512194
21.4199864498645
17.747222222222224
19.869850948509487
21.03075880758808
21.084485094850947
19.96978319783198
18.492073170731707
17.8300135501355
18.19031165311653
20.617005420054202
21.851626016260163
18.63150406504065
19.03658536585366
19.941869918699187
21.944918699186992
22.15338753387534
22.265108401084014
22.324119241192413
22.27940379403794
22.20149051490515
22.24579945799458
22.758875338753388
23.38109756097561
23.649186991869918
23.842750677506775
23.860840108401085
23.243021680216803
23.243360433604337
23.19139566395664
23.338753387533878
22.73157181571816
22.939837398373985
23.053252032520327
22.93807588075881
21.30840108401084
20.736449864498645
21.257926829268293
24.62940379403794
23.60840108401084
21.14369918699187
24.46991869918699
25.36951219512195
26.428319783197832
28.60359078590786
25.445460704607047
23.297764227642276
26.93529810298103
24.559552845528454
22.992208672086722
21.01930894308943
20.663211382113822
18.413211382113822
16.341327913279134
19.72730352303523
21.4619918699187
20.681436314363143
20.395392953929537
19.28617886178862
18.33082655826558
16.991056910569107
17.569241192411923
18.617818428184282
20.928184281842817
19.13617886178862
18.2190379403794
19.582181571815717
21.380555555555553
22.357249322493224
22.6619918699187
22.824728997289974
22.23136856368564
22.03211382113821
21.950542005420054
21.845867208672086
22.09478319783198
22.659552845528456
22.872967479674795
22.726422764227642
22.73157181571816
22.59871273712737
22.48882113821138
22.37012195121951
22.41978319783198
22.444376693766937
22.851016260162602
22.745257452574528
20.08062330623306
21.399932249322493
21.474525745257452
24.03211382113821
25.040176151761518
22.726016260162602
20.06158536585366
24.65230352303523
26.259959349593498
27.76524390243902
28.585230352303522
24.942547425474253
24.132859078590787
25.96544715447154
24.335704607046072
22.48739837398374
20.753590785907857
19.234620596205964
18.798238482384825
17.98753387533875
21.3039972899729
20.25020325203252
19.28760162601626
19.123035230352304
17.62039295392954
18.147154471544717
18.457859078590786
17.993428184281843
18.033739837398375
16.666260162601624
18.290785907859078
14.585636856368563
16.909688346883467
18.840650406504064
21.103658536585364
21.337262872628727
21.195054200542007
21.605420054200543
21.419241192411924
21.63150406504065
21.771815718157182
21.859756097560975
22.14512195121951
22.29932249322493
22.338346883468837
22.18590785907859
22.224661246612467
22.54620596205962
22.479742547425474
22.335027100271002
22.310433604336044
22.436043360433604
22.38008130081301
20.09661246612466
20.271680216802167
23.4369918699187
24.63909214092141
25.037127371273712
20.575135501355014
15.721544715447155
22.21869918699187
24.131165311653117
28.166260162601628
26.845460704607046
21.128861788617886
24.684146341463414
25.80169376693767
26.128048780487802
22.03238482384824
20.318766937669377
20.707249322493226
17.68787262872629
19.45060975609756
19.925880758807587
18.980758807588078
17.979607046070463
19.34830623306233
17.513550135501355
18.784349593495936
19.778658536585365
18.132994579945798
16.57879403794038
14.311043360433604
16.467073170731705
15.973102981029811
13.555149051490513
18.615447154471546
19.39369918699187
19.706639566395662
20.148170731707317
20.676151761517616
20.889430894308944
21.239295392953927
21.63739837398374
21.739769647696477
21.970528455284555
22.022154471544717
22.06727642276423
21.99579945799458
22.138143631436314
22.125542005420055
22.60880758807588
22.331368563685636
22.069918699186992
21.92642276422764
21.8569783197832
20.47391598915989
20.278726287262874
22.22357723577236
24.443970189701897
24.95650406504065
23.823102981029812
16.44051490514905
16.42439024390244
22.99993224932249
25.81341463414634
25.84979674796748
24.30013550135501
23.34789972899729
21.372357723577235
24.998170731707315
24.800474254742547
21.841734417344174
20.815040650406505
20.57527100271003
17.199932249322494
19.721341463414635
19.84939024390244
18.246544715447154
18.63888888888889
20.132384823848238
18.93888888888889
20.422764227642276
19.92472899728997
18.68827913279133
16.386111111111113
14.508943089430895
12.08550135501355
14.955826558265581
12.29051490514905
17.15169376693767
17.83888888888889
18.82642276422764
20.068021680216802
20.833875338753387
21.014634146341464
21.28130081300813
21.64349593495935
21.774661246612467
21.986043360433605
22.158943089430895
22.069037940379403
21.970867208672086
21.86009485094851
21.809620596205963
21.899864498644988
21.788821138211382
21.806368563685638
21.448644986449864
21.367344173441733
19.134417344173443
20.240650406504066
21.2039972899729
23.891531165311655
24.352168021680217
22.738279132791327
17.34491869918699
12.265650406504065
18.191463414634146
21.41151761517615
21.75589430894309
21.414227642276423
19.752574525745256
20.694376693766937
21.589430894308943
21.072696476964772
21.175745257452576
20.748644986449865
19.43489159891599
17.09329268292683
17.239295392953927
19.183536585365854
20.03509485094851
20.915176151761518
20.007859078590787
20.13468834688347
20.299661246612466
18.762330623306234
15.917750677506774
15.397357723577235
14.046680216802168
11.014430894308942
12.366734417344173
15.340243902439024
12.556978319783198
16.79417344173442
19.776355013550138
19.942953929539293
19.967344173441735
20.658672086720866
21.06070460704607
21.13678861788618
21.30121951219512
21.350880758807588
21.373170731707315
21.477642276422763
21.31158536585366
21.170325203252034
21.049661246612466
20.940785907859077
20.952981029810296
20.901355013550138
20.96260162601626
20.79939024390244
20.54410569105691
18.61971544715447
19.148577235772358
21.75630081300813
23.47289972899729
24.038753387533877
22.498848238482385
17.346544715447155
12.476084010840108
15.527981029810297
17.114363143631437
19.753658536585366
19.873373983739835
19.45582655826558
18.349525745257452
19.147425474254742
19.265040650406505
19.09491869918699
17.97439024390244
18.01321138211382
17.32418699186992
13.686178861788619
13.694850948509487
13.99918699186992
17.817953929539293
19.49559620596206
19.398238482384823
16.547154471544715
17.291260162601624
16.364769647696477
12.62540650406504
8.839701897018971
8.426761517615176
9.369376693766938
13.584281842818427
14.498915989159892
13.448848238482384
18.529945799457995
20.119376693766938
20.84478319783198
20.972357723577236
20.883943089430893
20.958197831978318
20.771002710027098
20.666463414634144
20.70670731707317
20.565989159891597
20.504674796747967
20.65230352303523
20.608875338753386
20.622967479674795
20.41178861788618
20.24952574525745
20.269579945799457
20.08821138211382
19.94119241192412
19.89959349593496
20.47357723577236
21.069512195121952
23.3760162601626
23.278861788617885
22.713143631436317
18.03116531165312
12.473306233062331
13.472018970189703
16.27642276422764
18.62188346883469
18.93949864498645
18.34220867208672
17.193360433604337
17.965447154471544
18.284552845528456
18.3289972899729
17.49559620596206
16.13841463414634
15.92269647696477
17.678387533875338
16.16849593495935
13.49369918699187
12.88841463414634
15.727642276422765
19.160569105691057
19.1199864498645
19.409552845528456
16.551693766937667
17.58211382113821
14.66382113821138
13.023848238482383
10.297357723577235
10.269715447154471
11.090514905149051
13.238888888888889
15.92249322493225
19.62107046070461
20.134146341463413
20.474051490514903
20.572899728997292
20.5930216802168
20.366937669376693
20.078590785907856
20.084214092140922
20.12831978319783
20.378184281842817
20.40481029810298
20.168563685636858
20.307859078590788
20.471476964769646
20.33861788617886
20.04247967479675
19.725
19.334959349593497
19.306436314363143
19.554539295392953
20.31219512195122
20.68990514905149
21.729607046070463
23.665785907859078
23.319986449864498
20.72059620596206
14.255081300813009
14.364769647696477
17.18272357723577
18.674051490514906
19.047764227642276
17.377981029810297
15.960840108401083
14.662533875338752
16.020663956639567
17.800948509485096
16.951964769647695
15.463617886178861
15.920934959349594
16.51808943089431
17.93726287262873
18.015108401084014
15.897967479674795
13.726964769647697
15.875135501355013
17.205555555555556
20.083604336043358
19.47459349593496
17.87486449864499
14.98130081300813
16.66876693766938
15.519986449864499
10.46029810298103
9.606165311653116
10.028184281842819
11.781436314363145
13.866598915989162
16.713550135501357
17.76619241192412
18.55711382113821
19.06307588075881
19.150271002710028
19.081571815718156
19.350948509485097
19.471138211382115
19.66971544715447
19.834146341463416
19.712466124661248
19.667140921409214
19.854945799457994
20.177981029810297
20.16890243902439
19.8140243902439
19.284146341463416
18.733536585365854
18.913821138211382
19.53028455284553
18.103658536585364
19.281842818428185
19.206978319783197
23.085027100271002
23.87981029810298
22.611856368563686
17.62357723577236
13.346612466124663
15.76321138211382
18.97140921409214
19.858943089430895
18.596273712737126
16.555216802168022
15.911449864498644
16.00650406504065
15.3300135501355
16.16158536585366
15.124864498644987
14.348712737127371
15.282384823848238
17.13888888888889
17.39959349593496
18.75033875338753
17.37513550135501
15.796138211382114
12.593428184281843
16.507723577235772
17.489566395663957
14.800135501355012
17.18380758807588
17.514159891598915
16.102574525745258
12.563821138211383
11.47439024390244
9.066192411924119
8.455284552845528
10.691327913279133
14.315379403794037
16.082791327913277
16.693021680216802
17.36321138211382
17.757791327913278
18.15941734417344
18.45088075880759
18.626558265582656
18.9630081300813
19.245663956639568
19.254268292682926
19.001151761517615
19.215108401084013
19.240650406504066
19.377235772357725
19.219850948509485
19.191056910569106
19.133468834688347
18.849322493224932
18.786924119241192
19.034688346883467
16.665921409214093
17.730623306233063
17.909552845528456
23.667344173441734
22.68340108401084
18.750542005420055
15.52479674796748
15.34749322493225
17.45569105691057
19.100338753387533
19.854607046070463
19.194715447154472
18.310636856368564
16.909688346883467
15.909552845528456
15.99959349593496
15.865514905149052
15.432384823848238
14.830216802168021
15.181436314363143
16.607452574525745
17.554065040650407
17.56761517615176
17.047425474254744
15.57249322493225
12.735365853658537
13.467411924119242
13.762737127371272
15.977981029810298
15.650067750677508
14.54451219512195
14.324390243902439
13.649322493224933
10.772831978319783
11.540650406504065
9.371070460704606
8.764566395663957
15.222899728997291
17.632046070460706
17.567073170731707
17.618157181571814
17.417615176151763
17.984214092140924
18.450542005420054
18.78760162601626
18.688753387533875
19.015650406504065
19.233875338753386
19.11321138211382
18.84119241192412
18.67289972899729
18.50027100271003
18.21639566395664
18.302371273712737
18.576626016260164
18.852235772357723
18.745325203252033
18.45060975609756
14.583875338753387
16.360365853658536
16.238075880758807
19.626761517615176
23.920528455284554
19.334485094850947
15.749119241192412
16.139972899728996
17.571273712737128
18.4949864498645
18.16158536585366
18.47018970189702
18.29417344173442
18.134756097560974
17.634010840108402
16.690853658536586
16.492140921409213
15.511449864498644
15.00379403794038
14.864227642276424
15.414227642276424
17.34329268292683
17.945257452574527
16.739227642276425
16.382859078590787
16.353861788617884
12.993157181571814
12.89349593495935
14.945189701897018
16.48258807588076
16.220663956639566
15.167276422764228
15.109349593495935
14.036314363143632
11.698915989159891
10.717750677506775
9.73441734417344
8.583875338753387
15.302981029810297
17.785840108401082
17.82506775067751
17.791666666666664
17.43319783197832
17.89159891598916
18.24410569105691
18.661720867208672
18.58760162601626
18.447560975609754
19.012737127371274
19.19180216802168
18.06348238482385
17.958130081300816
17.804945799457993
17.703861788617886
17.68360433604336
17.923848238482385
18.13658536585366
18.092547425474255
17.633875338753388
16.013143631436314
16.87920054200542
18.300338753387532
22.59959349593496
17.93170731707317
15.891327913279133
15.252371273712736
15.904471544715445
16.958401084010838
18.193157181571813
17.865582655826557
18.28949864498645
17.608062330623305
17.764837398373984
17.61009485094851
16.778929539295394
16.092344173441735
14.346544715447155
14.76727642276423
15.621612466124663
17.269241192411922
17.429336043360433
17.104471544715445
17.365379403794037
14.906368563685637
13.214430894308943
9.736449864498645
9.586585365853658
11.676626016260162
13.555352303523033
13.86050135501355
14.400813008130081
13.884146341463415
12.04939024390244
10.102845528455285
10.333672086720867
9.411517615176152
14.173035230352303
16.413888888888888
16.884281842818428
17.102371273712738
17.711856368563684
18.274322493224933
18.350745257452576
18.33028455284553
17.895189701897017
17.689159891598916
17.86219512195122
17.774254742547424
17.252439024390245
17.210840108401083
17.289769647696478
17.302439024390246
17.160365853658536
17.484891598915986
17.114498644986448
16.989159891598916
16.677439024390246
17.114905149051488
15.743834688346883
14.648035230352303
15.954539295392953
16.66151761517615
17.00013550135501
15.87540650406504
14.922831978319783
15.278184281842817
16.147425474254742
17.92018970189702
18.194715447154472
18.18360433604336
17.7170054200542
16.242479674796748
15.113346883468836
14.862872628726288
14.797967479674796
14.184417344173443
14.7670054200542
16.819444444444446
16.963075880758808
14.145121951219512
12.890853658536585
12.519037940379404
12.75941734417344
13.902845528455284
12.94410569105691
12.618428184281843
13.246409214092143
13.248238482384824
11.852032520325203
11.698780487804878
10.020121951219512
12.402439024390244
12.807317073170731
15.049457994579944
16.157452574525745
16.452032520325204
17.12513550135501
18.239905149051488
18.309010840108403
17.9510162601626
17.453929539295395
16.934620596205963
16.87879403794038
16.57540650406504
16.771273712737127
16.61219512195122
16.438346883468835
16.827439024390245
16.62039295392954
16.679810298102982
16.43882113821138
16.28617886178862
16.05609756097561
16.002032520325205
16.29518970189702
17.40772357723577
16.384552845528454
15.225677506775067
16.06531165311653
15.392953929539294
15.285162601626016
14.654471544715445
14.759823848238483
16.329539295392955
16.617818428184282
16.855216802168023
15.80609756097561
16.538346883468837
15.463685636856368
13.979539295392954
13.18028455284553
14.058536585365854
14.287737127371273
14.376151761517615
15.390311653116532
16.0619918699187
15.480487804878049
13.602574525745258
12.222425474254743
12.034756097560976
12.796747967479675
13.4869918699187
12.775
12.633333333333333
12.987127371273711
12.864024390243902
12.54850948509485
13.194647696476967
12.956165311653118
13.2260162601626
14.43678861788618
16.28191056910569
16.858875338753386
16.951964769647695
17.18367208672087
17.25840108401084
17.334688346883468
17.158875338753386
16.869647696476967
16.60040650406504
16.51449864498645
16.394241192411922
16.42269647696477
16.299254742547426
16.0180216802168
16.072628726287263
15.992073170731706
15.920663956639567
16.101084010840108
15.86138211382114
15.492818428184282
15.679403794037942
16.572357723577234
17.73672086720867
17.599661246612467
15.120799457994579
15.506436314363143
15.202574525745257
14.036720867208672
14.227913279132792
14.77418699186992
15.080826558265581
16.03380758807588
15.992344173441733
16.128048780487806
15.972967479674796
16.06388888888889
15.320731707317075
15.61009485094851
15.401897018970189
15.2039972899729
14.645731707317074
14.962533875338753
14.9170054200542
14.210027100271002
13.819783197831978
12.777371273712737
11.812059620596205
10.520799457994581
11.271476964769647
11.948712737127371
12.131842818428185
12.065989159891599
12.900880758807588
13.004403794037941
13.637872628726289
13.808062330623306
13.438279132791328
12.851287262872628
15.18360433604336
16.48116531165312
16.313550135501355
15.749932249322493
15.95630081300813
16.390853658536585
16.56632791327913
16.552642276422766
16.603523035230353
16.45020325203252
16.47222222222222
16.135569105691054
16.039227642276423
16.039837398373983
15.9140243902439
15.76680216802168
15.72459349593496
15.572425474254743
15.499932249322493
15.05548780487805
14.810162601626015
15.779268292682925
16.084688346883468
17.72357723577236
17.431978319783198
14.305962059620597
14.717005420054202
14.042750677506774
14.00630081300813
15.39349593495935
15.23319783197832
15.521951219512195
14.415853658536586
15.95440379403794
17.206842818428186
16.479336043360433
14.852913279132792
16.367750677506773
18.146205962059618
18.098238482384822
17.54478319783198
16.558265582655828
16.15941734417344
15.481842818428186
14.689430894308945
13.291937669376694
12.522628726287262
11.199390243902439
9.761111111111111
10.407588075880758
10.713346883468834
9.668089430894309
12.708739837398374
14.31971544715447
14.13929539295393
14.192344173441734
14.974932249322492
14.460094850948511
14.561856368563685
15.409281842818427
15.126693766937668
15.168766937669378
15.554674796747966
16.12411924119241
16.340311653116533
16.379471544715447
16.399932249322493
16.29972899728997
16.22012195121951
16.127371273712736
16.094850948509485
15.993360433604337
15.957520325203252
15.770392953929539
15.650880758807588
15.931842818428185
15.920663956639567
15.05609756097561
14.411043360433604
13.939363143631436
16.628590785907857
18.179065040650407
16.15562330623306
13.522154471544715
13.794444444444446
14.338617886178861
15.254403794037941
15.429200542005422
15.221476964769646
15.488211382113821
15.665311653116532
15.317208672086721
15.9960027100271
16.273170731707317
16.335772357723577
17.949322493224933
16.52621951219512
14.658672086720866
14.464430894308943
14.829336043360433
14.72642276422764
14.307452574525746
14.512466124661248
14.151151761517616
12.176829268292682
11.183265582655826
9.933265582655826
9.582655826558266
8.79620596205962
11.695257452574527
14.162330623306232
15.106165311653118
14.834959349593495
14.103861788617886
15.06260162601626
15.087330623306233
14.957384823848239
15.244715447154471
15.386585365853659
15.73590785907859
16.422425474254744
16.89241192411924
16.689159891598916
16.272560975609757
16.175338753387532
16.040718157181573
15.964566395663956
15.941531165311654
15.805013550135502
15.841598915989161
15.690243902439025
15.369647696476965
15.32689701897019
15.086449864498643
15.07750677506775
14.524254742547424
13.858739837398375
13.429065040650405
16.25569105691057
17.07228997289973
16.121544715447154
14.391260162601625
13.40020325203252
13.98739837398374
14.628252032520326
14.770121951219512
14.278726287262874
14.157655826558265
14.543157181571814
15.354065040650406
15.669376693766939
17.31470189701897
18.174457994579946
15.882384823848238
13.29180216802168
11.759823848238483
11.144850948509484
11.486178861788618
11.963685636856368
13.359349593495935
14.001287262872628
13.740785907859077
12.931639566395663
11.313888888888888
9.45210027100271
9.118021680216803
9.671070460704607
10.292682926829269
13.135027100271003
15.015989159891598
15.179810298102982
14.192344173441734
14.890311653116532
15.512127371273712
15.003319783197833
14.88109756097561
14.963075880758808
14.84410569105691
14.053929539295392
15.866802168021682
16.209620596205962
16.24966124661247
16.17350948509485
15.942344173441734
15.836653116531163
15.721273712737126
15.689905149051489
15.323170731707316
14.851626016260164
14.785162601626016
14.699457994579944
14.151151761517616
13.818834688346882
13.629878048780489
13.299864498644988
13.201558265582657
15.002574525745256
16.81111111111111
16.183739837398374
14.777371273712737
13.019715447154471
16.163482384823848
15.453387533875338
13.887127371273712
14.233943089430895
13.95819783197832
13.171476964769647
12.921951219512195
14.677168021680217
16.475677506775067
16.578319783197834
13.542953929539294
12.001287262872628
11.186653116531165
11.243157181571815
12.130013550135502
12.020596205962061
12.047154471544715
12.069715447154472
12.403319783197832
11.342547425474255
10.434349593495934
8.625338753387535
8.409010840108401
9.440853658536586
11.39037940379404
13.734959349593495
15.264363143631437
15.32310298102981
12.942886178861789
14.478861788617886
15.360636856368563
15.016056910569105
14.874322493224932
14.649322493224933
13.718360433604337
13.48570460704607
15.034959349593496
15.379132791327914
15.634146341463415
15.517750677506774
15.427235772357724
15.12879403794038
15.003726287262873
15.094037940379403
14.584349593495935
14.137466124661248
14.135569105691056
13.608739837398375
13.226693766937668
13.122154471544714
12.944850948509487
13.190921409214093
13.17350948509485
14.307113821138211
16.48617886178862
16.388550135501355
14.114227642276424
13.264159891598917
16.24607046070461
15.153319783197833
15.40569105691057
14.781233062330623
14.363617886178861
12.35758807588076
11.727439024390245
14.247018970189703
14.568360433604337
13.904810298102982
12.929742547425473
11.4369918699187
11.368631436314363
12.113617886178861
12.71869918699187
12.701761517615177
12.346544715447155
12.064363143631436
11.041598915989159
9.672425474254743
8.796544715447155
8.653929539295394
8.933672086720867
9.958130081300812
12.317682926829267
14.393970189701898
15.254810298102981
14.082723577235772
14.213143631436315
14.950474254742549
15.14308943089431
15.056842818428185
14.991327913279132
14.676829268292684
14.689498644986449
15.0380081300813
14.924119241192411
14.80230352303523
14.893766937669378
14.996476964769647
14.78109756097561
14.548441734417343
14.322086720867208
14.299661246612468
14.154200542005421
13.85779132791328
13.477439024390245
12.73170731707317
12.752777777777776
12.659417344173441
13.085027100271002
13.43191056910569
12.877845528455286
14.073509485094851
16.020257452574526
16.81388888888889
15.032994579945798
12.66470189701897
15.327642276422765
15.42018970189702
15.508807588075879
15.254674796747967
13.900474254742548
13.055826558265583
12.246747967479674
12.8989837398374
10.782249322493225
12.59939024390244
12.271544715447154
11.880962059620597
12.0369918699187
12.666666666666668
12.950474254742549
13.15691056910569
12.573644986449864
13.055013550135502
12.368157181571815
10.868766937669376
9.614363143631437
10.231368563685637
9.921273712737127
11.325067750677507
13.120528455284553
14.40250677506775
14.667818428184281
15.2869918699187
15.264837398373984
15.126355013550135
15.081165311653118
14.93678861788618
14.936043360433604
14.721815718157183
14.647696476964772
14.464430894308943
14.338482384823848
14.288482384823848
14.255352303523035
14.219850948509485
14.036856368563685
13.906775067750678
13.802032520325204
13.449119241192411
13.316531165311654
13.305623306233063
12.970528455284555
12.354268292682928
12.203929539295393
12.541463414634148
12.567140921409214
12.454471544715448
12.180216802168022
13.728319783197833
14.567547425474254
15.985772357723576
14.71829268292683
14.110027100271003
15.706571815718158
15.624525745257452
16.76388888888889
18.290243902439023
18.00521680216802
17.00420054200542
13.822086720867208
13.227981029810298
13.32628726287263
14.237804878048781
13.98760162601626
12.586246612466125
12.934485094850947
12.99369918699187
12.977913279132792
12.76619241192412
12.321544715447155
11.832384823848239
11.923644986449863
12.665379403794038
12.686178861788617
11.964024390243903
12.626287262872628
13.75630081300813
14.217073170731705
14.674932249322492
15.20121951219512
15.65711382113821
15.579539295392953
15.189972899728996
15.051084010840109
14.704674796747966
14.679742547425473
14.452168021680217
14.155352303523035
13.89247967479675
13.843360433604337
13.667615176151761
13.592344173441735
13.547764227642276
13.520934959349594
13.46869918699187
13.13888888888889
12.886043360433604
12.544376693766939
12.823712737127371
12.723373983739837
12.198441734417344
11.960907859078592
12.152642276422764
11.88970189701897
11.363482384823849
11.289363143631437
14.36930894308943
14.590718157181573
15.270054200542006
12.845596205962059
11.35040650406504
10.856639566395664
14.271409214092142
16.56070460704607
17.121341463414634
17.997967479674795
18.00040650406504
16.89139566395664
13.630826558265582
14.840379403794037
14.939837398373985
15.035027100271003
14.588143631436315
13.28760162601626
12.954539295392953
13.099322493224932
12.36619241192412
11.871205962059621
11.907520325203253
11.520460704607046
12.349932249322494
12.267682926829268
11.91050135501355
12.40420054200542
13.634756097560976
14.079674796747966
14.55691056910569
15.087466124661248
15.487127371273711
15.481165311653118
15.156368563685637
14.736856368563684
14.484620596205962
14.399322493224933
14.214092140921409
13.814701897018969
13.565379403794037
13.064295392953928
12.846002710027099
12.879539295392954
12.78340108401084
12.76849593495935
12.7659891598916
12.232113821138212
11.688143631436315
11.747967479674797
12.063956639566396
12.329268292682928
11.863279132791329
11.637872628726289
11.605623306233062
11.597831978319784
11.13570460704607
11.212533875338753
14.452845528455285
15.15528455284553
15.648238482384823
13.73170731707317
9.804742547425473
8.910433604336044
13.273035230352303
15.084349593495935
17.433130081300813
17.617140921409213
16.884417344173443
16.708672086720867
16.57527100271003
14.810365853658535
14.537533875338752
14.411111111111111
13.80589430894309
12.934349593495934
12.560027100271004
12.860027100271003
12.536517615176152
12.406165311653115
12.347222222222223
12.655826558265582
12.907249322493225
12.132384823848238
11.7119918699187
12.248712737127372
12.998238482384824
13.261653116531164
14.187466124661247
14.960298102981032
15.218563685636857
15.059959349593495
14.772967479674795
14.382249322493227
14.095528455284555
14.164634146341465
14.09939024390244
13.506775067750677
13.13970189701897
12.615650406504065
12.129810298102981
11.912737127371274
11.944241192411925
11.976287262872628
11.913956639566397
11.458197831978321
11.104539295392954
10.971341463414635
11.296747967479675
11.235433604336043
11.113685636856369
11.133062330623307
11.192750677506776
11.135501355013549
10.850338753387534
11.092005420054202
13.866531165311653
14.614769647696477
15.783265582655826
15.459214092140922
11.771070460704607
9.206639566395664
10.760975609756098
13.369444444444445
16.020189701897017
16.809959349593495
16.043360433604338
15.239634146341464
14.900271002710028
14.31619241192412
13.936111111111112
13.125067750677507
12.261720867208671
12.319715447154472
12.721815718157181
12.92669376693767
11.821273712737128
11.98380758807588
12.007588075880758
13.71490514905149
13.816463414634146
13.022289972899728
12.309010840108401
12.75569105691057
12.976897018970188
13.06890243902439
14.05650406504065
14.447560975609756
14.613821138211382
14.558333333333334
14.225677506775067
14.022899728997292
13.751422764227641
13.662533875338752
13.777845528455284
13.282859078590786
12.803252032520325
12.239972899728997
11.894037940379404
11.504132791327914
11.34430894308943
11.313143631436315
11.176558265582656
10.88929539295393
10.7119918699187
10.564363143631436
10.677642276422764
10.613346883468834
10.595121951219513
10.759620596205961
11.176151761517614
11.019105691056911
10.434485094850949
10.408739837398375
13.600338753387533
10.741531165311653
9.593563685636855
14.608875338753387
15.185365853658535
12.924322493224931
8.596680216802168
9.77520325203252
12.611517615176151
14.371951219512194
15.117073170731706
14.90040650406504
14.328658536585365
14.238821138211382
14.317479674796749
13.908130081300815
12.93360433604336
12.417208672086721
12.169579945799459
12.192140921409214
12.738685636856369
11.312940379403795
11.146341463414634
11.947086720867208
13.359823848238483
13.55020325203252
13.22642276422764
13.23360433604336
13.29850948509485
13.343224932249322
13.379403794037941
13.741802168021682
14.089024390243901
14.195934959349595
13.682452574525746
13.36490514905149
13.214634146341464
13.131029810298102
13.2890243902439
12.984485094850948
12.809823848238484
12.42039295392954
11.942547425474256
11.475745257452575
11.108333333333333
10.698170731707318
10.586449864498645
10.690514905149051
10.726151761517615
10.579336043360433
10.518360433604336
10.256368563685637
10.121951219512194
10.197425474254743
10.496815718157182
10.756436314363144
10.4529810298103
9.918428184281842
9.796138211382114
13.293766937669378
12.856842818428186
13.6289972899729
14.389363143631437
14.41009485094851
11.659078590785906
8.237737127371274
7.193834688346884
10.23130081300813
13.714498644986449
13.59959349593496
12.82249322493225
13.427981029810297
13.48529810298103
13.046815718157182
12.638617886178862
12.15548780487805
12.111043360433603
12.216531165311654
11.092750677506775
11.796747967479675
10.533739837398375
10.398238482384823
11.551964769647697
12.398848238482385
12.837127371273713
13.02730352303523
12.933943089430894
13.004539295392954
12.54728997289973
12.583333333333332
13.14119241192412
13.396273712737127
13.332791327913279
12.84410569105691
12.287059620596207
11.988008130081301
12.092005420054202
12.403455284552845
12.424864498644986
12.147018970189702
11.817411924119241
11.403252032520324
10.844037940379405
10.27560975609756
10.07120596205962
10.155081300813007
10.519444444444444
10.594783197831978
10.175135501355014
10.043834688346884
9.695392953929538
9.42439024390244
9.958130081300812
10.33489159891599
10.08069105691057
9.728319783197831
9.418563685636856
9.240853658536585
12.572696476964769
12.01720867208672
13.01741192411924
14.034959349593496
13.313550135501355
9.143970189701896
8.275813008130083
6.179539295392954
7.06050135501355
10.102642276422765
12.209417344173442
11.430081300813008
11.59139566395664
12.616260162601625
10.242953929539295
9.034146341463416
11.335230352303522
10.513075880758809
10.9460027100271
9.773848238482385
9.642953929539296
9.069850948509485
10.04871273712737
10.978794037940379
11.769173441734418
12.409552845528456
12.099661246612467
11.916531165311653
12.011314363143631
12.238753387533874
12.41280487804878
12.028455284552845
12.052642276422764
11.967953929539295
11.389159891598917
10.87310298102981
10.448373983739838
10.684959349593495
10.919241192411924
11.033333333333333
11.049186991869918
10.99430894308943
10.831775067750678
10.144173441734418
9.62079945799458
9.59369918699187
9.716260162601625
9.7920054200542
9.463753387533874
9.211449864498645
9.264430894308942
8.59349593495935
8.513143631436314
9.442344173441734
9.739905149051491
9.401558265582656
9.161314363143632
8.767276422764228
8.695054200542007
11.807452574525744
11.942208672086721
12.537330623306234
12.493224932249323
12.53170731707317
13.014159891598917
12.335704607046072
11.081368563685636
8.297425474254743
7.438075880758808
7.221612466124661
10.107249322493224
9.380826558265582
9.94180216802168
9.93678861788618
9.741531165311653
7.669579945799458
7.947086720867209
8.086449864498645
9.069918699186992
10.968970189701896
7.119850948509485
8.10311653116531
10.308333333333334
11.293970189701897
11.20569105691057
11.909891598915989
12.294579945799459
11.95569105691057
11.416802168021679
10.714363143631436
10.706436314363144
10.585840108401083
10.7340108401084
10.63340108401084
10.81260162601626
10.464566395663956
10.063482384823848
9.611178861788618
9.916463414634148
10.07960704607046
9.77689701897019
9.813821138211383
10.002032520325203
9.921273712737127
9.498238482384824
8.907384823848238
8.881571815718157
9.160230352303524
8.978658536585366
8.515650406504065
8.603929539295393
8.694444444444445
7.99159891598916
8.45020325203252
8.801287262872629
8.805081300813008
8.582791327913279
8.590311653116531
8.386991869918699
11.509349593495935
11.256165311653117
10.433333333333334
11.668834688346884
12.433062330623306
10.075135501355014
9.296951219512195
7.149322493224932
8.501626016260163
8.935840108401084
8.860027100271003
9.037330623306234
7.664769647696477
10.451422764227642
9.157046070460705
7.4007452574525745
8.534010840108401
6.283536585365853
6.464769647696476
7.030081300813007
5.539227642276423
9.780149051490515
6.149864498644986
6.355962059620596
8.841056910569105
10.981775067750679
11.892953929539296
11.95609756097561
12.100948509485095
12.156165311653115
11.94579945799458
11.437533875338755
10.601422764227642
10.484146341463415
10.079742547425473
9.775067750677506
9.825948509485094
10.179065040650407
10.440514905149051
10.196138211382115
9.876558265582656
9.759281842818428
9.57140921409214
9.52689701897019
9.51470189701897
9.121070460704606
8.845731707317073
8.670121951219512
8.193428184281842
8.25630081300813
8.614905149051491
8.47710027100271
8.311924119241192
8.321680216802168
8.465921409214094
8.64688346883469
8.600677506775067
8.370257452574526
8.198509485094851
8.13421409214092
8.230962059620596
8.121002710027101
10.82649051490515
10.488279132791329
10.158333333333333
10.40020325203252
11.855487804878049
12.36639566395664
11.609959349593495
9.73590785907859
8.237804878048781
7.783130081300813
5.627981029810298
7.35630081300813
9.152235772357724
9.277168021680216
9.736653116531166
8.357520325203252
10.655149051490515
9.012940379403794
6.9822493224932245
7.727845528455285
5.740243902439024
5.5060975609756095
4.8039972899729
8.35758807588076
4.9957317073170735
5.625745257452574
9.014837398373983
11.080758807588076
11.48739837398374
11.479539295392954
11.48509485094851
11.577032520325202
11.740243902439024
11.782926829268293
11.222425474254743
11.067208672086721
10.875
10.400338753387533
9.878658536585366
9.535975609756097
9.618360433604336
9.686382113821137
9.551761517615176
9.655826558265582
9.58760162601626
9.223712737127371
8.924525745257451
8.340243902439024
8.091666666666667
8.032046070460705
8.006029810298104
8.129878048780487
7.957791327913279
7.535840108401084
7.118834688346884
7.262533875338754
8.32161246612466
8.27459349593496
8.075677506775069
7.846544715447155
7.5905149051490515
7.5339430894308945
10.880555555555556
11.304336043360433
11.430555555555555
11.021747967479675
10.729945799457994
9.572967479674798
9.333875338753387
7.6745934959349595
5.630284552845529
6.17960704607046
6.268292682926829
7.376422764227643
8.463414634146343
9.767750677506776
9.930284552845528
10.580352303523036
9.648577235772358
10.833468834688347
8.126084010840108
6.069376693766937
6.497696476964769
4.525609756097561
4.091666666666667
7.2333333333333325
5.759349593495935
4.867411924119241
7.0252032520325205
9.752777777777776
10.550474254742548
10.668089430894309
10.865108401084012
10.698509485094851
10.636449864498646
11.019376693766938
10.91050135501355
10.84789972899729
10.60691056910569
10.232317073170732
10.025135501355013
9.8909891598916
9.533265582655826
9.378658536585366
9.294037940379404
9.353794037940379
9.227574525745258
9.123441734417344
8.771815718157182
8.463550135501354
8.238685636856369
7.570663956639566
7.497222222222223
7.625745257452574
7.376490514905148
6.893970189701896
6.779065040650407
6.808604336043361
7.241666666666667
7.957723577235773
7.400271002710028
7.574932249322494
7.252913279132791
7.118224932249322
10.750948509485095
9.911314363143632
8.820257452574527
8.28130081300813
8.708604336043361
6.722357723577235
7.328726287262873
6.611246612466125
6.0212059620596206
5.555962059620596
6.557249322493225
8.3920054200542
8.497086720867209
9.856436314363144
8.794850948509485
8.822425474254743
8.14979674796748
7.616869918699187
6.592344173441734
5.799254742547426
4.077032520325203
4.2722899728997294
5.738346883468834
4.392140921409214
4.73719512195122
6.691802168021679
9.461924119241193
9.780420054200542
9.948915989159891
10.036924119241192
10.371747967479674
9.99180216802168
9.607181571815719
9.572493224932249
9.599932249322494
9.832926829268292
9.750880758807588
9.33719512195122
9.076219512195122
9.333333333333332
9.250813008130082
9.15060975609756
8.970731707317073
8.474661246612467
8.365514905149052
8.607520325203252
8.104471544715448
7.818766937669376
7.381775067750678
6.890989159891599
7.146815718157181
7.114972899728997
7.097764227642277
6.661924119241192
6.967750677506776
7.588075880758808
7.686178861788617
7.1674796747967475
6.827710027100271
7.013143631436314
7.048170731707318
6.838414634146342
6.738075880758808
10.493157181571815
8.67838753387534
8.098848238482386
6.78130081300813
6.782926829268293
7.539295392953929
8.560975609756097
9.049186991869918
9.14708672086721
9.258672086720868
9.988143631436314
9.77710027100271
9.980081300813008
9.042140921409214
8.527032520325204
7.045731707317072
6.742344173441734
5.956368563685637
4.856707317073171
4.638482384823848
4.889430894308942
3.5967479674796747
3.247831978319783
4.849593495934959
7.964769647696476
9.52269647696477
9.465718157181572
9.323577235772358
9.557384823848238
9.714159891598916
9.500948509485095
8.933468834688346
8.472696476964769
8.59390243902439
8.843834688346885
8.760840108401084
8.74579945799458
8.646002710027101
8.62310298102981
8.63441734417344
8.74349593495935
8.653658536585365
8.081775067750678
8.023373983739837
7.917073170731707
7.574661246612466
7.197560975609756
6.86849593495935
6.960840108401084
6.889905149051491
6.819173441734418
6.626151761517614
6.597357723577235
6.8789295392953935
7.559688346883469
7.040989159891599
6.51890243902439
6.292818428184281
6.525271002710028
6.451626016260162
6.5206639566395665
11.309010840108401
10.086314363143632
8.480555555555556
8.081436314363144
6.647967479674797
7.4079945799457985
8.28089430894309
8.284281842818428
9.235840108401083
9.513346883468834
9.381571815718157
9.301558265582656
10.063482384823848
9.538956639566397
9.046138211382114
6.993428184281842
6.919850948509485
5.9546070460704605
5.865514905149052
5.127845528455285
5.074525745257453
3.326084010840108
2.6700542005420056
3.3164634146341463
6.297696476964769
7.6547425474254736
9.050745257452574
9.260907859078591
8.834349593495935
8.917547425474256
9.284620596205961
9.076016260162602
9.21009485094851
8.81659891598916
8.433468834688346
8.464024390243903
8.474051490514906
8.094579945799458
8.076084010840109
7.896273712737127
7.75670731707317
7.826693766937669
8.189972899728996
8.261178861788618
7.638753387533875
7.2930216802168015
7.077845528455285
6.910027100271003
6.627777777777777
6.286314363143632
6.178861788617886
6.402303523035231
6.292208672086721
6.180420054200542
6.9273035230352304
7.21890243902439
6.063075880758808
5.895392953929539
10.470934959349593
9.967615176151762
8.139972899728997
7.676964769647697
6.8583333333333325
7.580013550135502
7.368428184281842
7.609214092140921
7.277981029810299
8.052168021680217
8.640921409214092
8.739972899728997
9.527032520325204
9.92350948509485
8.818224932249322
7.765989159891599
6.964634146341463
5.690650406504065
4.994850948509486
6.097357723577236
5.067276422764228
4.796747967479675
4.871205962059621
3.8334688346883468
6.376964769647697
8.213075880758808
9.15060975609756
9.6
9.025
8.594037940379405
8.932452574525744
9.011924119241192
8.811720867208672
8.935569105691057
8.594647696476965
8.473238482384824
8.552506775067751
8.496273712737127
8.114769647696477
7.608197831978321
7.513821138211382
7.477371273712737
7.2824525745257445
7.306910569105691
7.449051490514906
7.145867208672087
6.964159891598916
6.894376693766938
6.66239837398374
6.2712059620596206
6.173170731707318
6.199661246612466
6.391531165311653
6.54979674796748
6.273035230352304
6.321544715447155
6.674728997289972
5.921883468834688
5.5472222222222225
5.499119241192412
5.47689701897019
10.140853658536585
10.340853658536584
9.254945799457994
7.550745257452574
6.9513550135501365
6.669986449864498
6.807181571815718
7.199051490514906
8.313346883468835
8.063888888888888
8.229065040650408
8.859823848238483
9.47310298102981
9.521612466124662
9.883536585365853
9.247154471544714
8.292140921409214
7.7115176151761515
6.651693766937669
6.58678861788618
6.160027100271003
4.688143631436314
4.446883468834688
5.866463414634146
7.609349593495935
8.13380758807588
8.91260162601626
8.867140921409213
9.113008130081301
9.319715447154472
9.46050135501355
9.097831978319784
8.8909891598916
8.435975609756097
8.315582655826558
8.342073170731707
8.040650406504065
8.02710027100271
7.946138211382115
7.963753387533875
7.7773712737127365
7.285704607046071
7.1869918699187
6.609756097560975
6.663075880758808
6.822086720867209
7.047696476964769
6.892818428184282
6.744037940379404
6.509417344173441
6.467615176151762
6.488346883468834
6.3319783197831985
5.926287262872629
5.6831300813008125
5.69620596205962
6.300067750677507
6.141124661246613
5.3447154471544716
5.096747967479675
9.916056910569106
10.665921409214093
9.25250677506775
8.936720867208672
8.883333333333333
6.795934959349593
5.675474254742547
5.927235772357724
7.026084010840108
7.224457994579946
7.856436314363144
7.9
8.520799457994581
8.652777777777777
8.834281842818429
9.35250677506775
9.631165311653117
8.948238482384824
8.610230352303523
8.215311653116531
8.224186991869917
6.4073170731707325
5.855758807588076
6.411043360433604
6.243428184281843
7.201829268292682
8.347086720867209
8.825542005420054
8.62520325203252
8.692750677506776
8.874457994579945
9.04871273712737
9.054539295392953
8.623848238482385
8.416666666666668
8.464092140921409
8.489430894308942
8.213821138211383
7.72560975609756
7.579200542005419
7.398509485094851
7.38780487804878
7.21890243902439
6.859214092140921
6.7388211382113825
6.544918699186992
6.814227642276423
6.9073170731707325
7.001219512195123
6.349864498644986
6.055284552845529
5.909349593495935
5.983604336043361
6.1345528455284555
6.044579945799458
5.818563685636856
5.825880758807588
5.772018970189702
5.7550135501355015
5.522967479674796
5.306029810298103
4.7757452574525745
4.603590785907859
9.576761517615177
8.441666666666666
7.683062330623306
8.769376693766938
6.886856368563686
5.981571815718157
6.681842818428184
7.652439024390245
7.4130081300813
7.646273712737127
7.493631436314364
7.638414634146342
8.64369918699187
8.46009485094851
8.648712737127372
9.051422764227642
8.791056910569106
8.392818428184281
7.807384823848238
6.79410569105691
6.459214092140921
7.1725609756097555
7.465785907859079
8.239159891598916
8.088143631436314
8.40210027100271
8.654268292682927
8.700271002710029
8.226829268292683
8.04939024390244
8.401964769647696
8.615108401084012
8.285840108401084
8.095257452574526
7.635772357723577
7.522628726287263
7.653387533875339
7.41321138211382
7.363075880758808
7.046815718157181
7.097289972899729
6.9789972899729
6.928658536585365
6.971409214092141
6.951151761517615
6.822493224932249
6.725
6.495392953929539
5.910840108401084
5.670731707317073
5.461382113821139
5.311178861788617
5.385027100271003
5.433739837398374
5.33550135501355
5.3492547425474255
5.314430894308943
5.2513550135501355
5.047289972899729
4.759349593495935
4.546544715447155
4.286111111111111
4.1456639566395665
9.759620596205961
10.141531165311653
10.051084010840109
7.671341463414635
6.235230352303523
7.8070460704607045
7.255962059620596
6.584214092140921
7.2908536585365855
6.883130081300813
7.111178861788618
6.892547425474255
6.889024390243902
7.1892953929539285
7.243766937669376
7.441531165311654
7.7819105691056905
7.820663956639566
7.404607046070462
6.900542005420054
6.959959349593495
7.057791327913279
7.765176151761517
8.361585365853658
8.300609756097561
8.564972899728996
8.230149051490516
8.4220189701897
8.68340108401084
8.210975609756098
7.4031165311653115
6.738888888888889
7.121409214092141
7.552235772357723
7.797086720867209
7.546612466124661
7.2908536585365855
7.085027100271003
7.022357723577235
6.983875338753387
6.764159891598917
6.481233062330624
6.567750677506775
6.49159891598916
6.325474254742547
6.220596205962059
6.400271002710028
6.4442411924119245
6.314972899728997
6.054336043360434
5.617073170731707
5.4731707317073175
5.3647018970189695
5.135433604336043
4.87059620596206
4.9986449864498645
4.827642276422764
4.7109756097560975
4.793631436314363
4.750880758807588
4.486382113821138
4.236991869918699
4.036178861788618
3.8485094850948505
3.68130081300813
