3.6730133700901395
3.8069801922676936
3.245790831467027
3.158528327242125
3.454708406187407
3.5701835222265834
3.3795330740653418
3.4496897069157733
3.780366266950979
4.221971804726276
4.4448342059870365
4.734586312104205
4.921891272368828
4.912764045092429
4.536632372195784
4.460477768223303
4.73645265748098
4.24719237794879
3.970568645377259
5.71279576732257
6.094201540688816
5.526270595539602
4.117923543001423
3.814960517634595
3.6165348428592043
3.3864932839411623
3.6819076232060683
4.314954849048725
4.016069845319222
3.637044345962305
3.8377103511384454
4.286056391243814
4.386857372529209
4.622352074704892
4.964910716508045
5.291007417711221
5.176936710211662
4.905851418518867
4.799379318891216
4.770387616988678
4.867010966520609
5.458107764705779
5.896882070432765
6.200847975609704
4.162026651123445
4.400717987603045
3.9993555885421936
3.9381090571908044
3.873708383027672
4.406930966859932
4.817523190971087
4.273842647184426
3.9483017420793347
4.271558424492347
4.497441312180119
4.753299555194848
5.088510633889536
5.296173296515565
5.378305985798699
5.278188061325002
5.022397220430957
5.010004866037621
5.237630154892019
5.483289319576216
5.744574607804277
6.055967798483636
6.381506431145824
6.1103466895670815
4.018035845276745
4.261071572643145
4.408074594100538
4.76688188692093
4.618445533384138
4.199594556144505
4.00066357110763
4.057018525228513
4.630897181447223
4.801774596649903
4.57647419529658
4.644275246517898
4.682309502667772
4.9504039166353175
5.148142978525548
5.364250001168492
5.5217908824762345
5.477498738216507
5.397975010357095
5.3740239438034365
5.458970200061122
5.690095897373212
5.945625909970638
6.235980286415574
6.539347353768811
6.109601611967519
3.794383493627968
3.9247376484182364
4.429828325296386
4.659092320602837
4.813498700477601
4.9391362486915
4.869324377881767
4.476038205807023
4.3443483067076984
4.639521437410393
4.800139784898055
4.754862309575645
4.834975462235482
5.130563744911156
5.209639863446588
5.403496661960098
5.4663637903792965
5.462619655188975
5.638792606075589
5.7275219828459045
5.565109027526795
5.600610158921692
5.8300489083062335
6.333998711428331
6.574886806518665
6.681490014277727
4.46092943556388
4.698428490342388
4.904511682077877
4.910113511259301
4.920703834592615
4.634535370028016
4.588216182143068
4.656535399500351
4.656925548727219
4.85417706967879
5.082972498279152
5.294640089485873
5.51405801532865
5.784952459152044
5.851324889814076
5.7774158957602735
5.861104867801797
6.015635085496463
5.839941767801775
5.773173375757761
6.1885903075182
6.936626748739227
6.796453176416696
6.761693562007389
6.783840113451997
4.701690080027084
4.902911321986307
5.14313488697843
4.861707502861925
4.748169735018307
4.746335217922982
4.577578650547838
4.543205509127787
4.570312146328598
4.709886741619306
4.952981204038503
5.235741092638813
5.389122832334686
5.560806453353662
5.956290017509911
5.986408521950896
6.054440798912305
6.146536955587645
6.175551450638165
6.148998434846911
6.057165038033121
6.637417805387361
6.900455161651789
6.926560497519009
6.934941080184901
7.007355136806073
6.758432978113418
4.848250261577532
4.979050238288615
5.257268898444772
5.599651571858839
5.5550572352356875
5.155001313451784
4.7141937814212795
4.777570887785077
4.828216426800751
4.868488399400699
5.022226767843878
5.161406605817038
5.19239350481313
5.290275172957964
5.506734703936315
5.935070788744143
6.13109908900606
6.400936137971961
6.287965984231404
6.3638711002629895
6.658317139318199
6.372799878003517
6.220386909621336
6.498694622531273
6.877194477278739
6.988746681688739
7.037207551279461
7.073635702822293
6.910237856386941
6.660739828870181
4.9082281805781385
5.11506050722664
5.3441839835336085
5.8191600790809375
5.8490211461655655
5.795521016660585
5.494533284932815
5.060909556495848
5.288280293289001
5.6696331203959245
5.624284939074073
5.378789034572152
5.401929140370587
5.542853235884076
5.557540553570029
6.005895639927689
6.42262566743614
6.554668422381404
6.945110235781776
6.976158060667044
6.914960850101359
6.7817471139986605
6.611025553629982
6.492496377545365
6.757469665009908
6.959959073259312
6.919020790895346
6.940937041094034
6.8529644253483095
6.788830549655169
6.747866150497357
6.699813368577683
4.769657774379597
5.2565401050011635
6.004667180725806
5.862490813322576
5.735822180183838
5.609446669310024
5.645116236618296
5.922955155227622
6.19655917914545
5.919325665740447
5.599666464127819
5.810814982267686
6.096070859778357
6.323929156981496
6.564291090750584
6.750713276032627
6.702258184662139
7.1983670956744765
7.062102085537116
6.700974568230391
6.753739557370499
6.8959172015988495
7.039737813471574
7.1379547544476445
7.095223871187231
6.960016671882113
6.854530689692785
6.7605623754991955
6.716943280867848
6.8237400679373
6.902785118732842
3.8007236389842984
5.051699383217928
5.4589454164837905
6.353194287690919
6.283015232701765
6.11843299017578
6.015155317690056
5.870952023066491
5.984771280182081
6.302375245614345
6.615107488619247
6.297413585985854
6.160933149955622
6.598580834254407
6.989411176682536
7.254708455303152
7.12215790892903
7.024594254579407
7.0916047475341575
7.020713629724145
6.522612831874787
6.193313174928878
6.416915113556085
6.704326100457086
7.052467144113144
7.186280233826462
7.139184744315242
7.123414719345678
7.026511127318411
6.942358053956099
6.933457373640658
6.996546114823354
7.113754521239253
7.108660880704517
4.021392016710826
5.257686946484402
5.612651376033741
6.6901072909569645
6.62212982373541
6.5218061898974105
6.332922729392056
6.168638610296527
6.276139313682274
6.477447664797953
6.793689550544867
6.70837938091901
6.891612078470582
7.06055028072408
7.489236439237759
7.753141907137794
7.552794437841773
7.213278473534977
7.261268672997885
7.136057916509794
6.497372063029997
6.518239014535906
6.910890757167133
7.09394703012247
7.229995353010094
7.312373396249696
7.332022702227466
7.36517159942064
7.215818827024265
7.239137054797325
7.158233862769458
7.210891663457419
7.315859505827678
7.415550203159976
7.546613384263432
3.6906129297691965
5.119162471096538
5.621672492618675
6.9747097836775875
6.969206806549761
6.825889371375873
6.7024485037119685
6.558658282311587
6.520419022904287
6.606129110622986
6.649783627995215
6.870080644114655
6.859234084992617
7.260693293341707
7.467425443323524
7.734821339173515
7.924962669939214
7.8292180833836325
7.669527528214541
7.305836493986094
7.171582146811529
6.994495814754395
7.204911270069972
7.405398579292247
7.530125585135568
7.516688208097632
7.510239640504887
7.529154109320011
7.575661738337873
7.480698585475704
7.397356480690224
7.4630130428249
7.535420800754946
7.463288995435409
7.68707302788713
7.73592042132399
7.628909044331424
4.838645457186251
6.000837202566354
6.18935877660166
6.695995248625947
7.020628206093329
7.164054145032057
7.28125860740104
7.248083091883064
7.209739489343372
7.000122377689863
6.9300823976680945
6.942826708259412
7.133104061737096
7.016131728227917
6.899191306789409
7.17011325471625
7.441499835869799
7.695124796532701
7.739191800720299
7.840901020525881
7.970575420771604
7.620091259660458
7.603828973236921
7.304272652036885
7.353936486070979
7.479189193652461
7.542077514354619
7.586309856373566
7.668431913423418
7.71708105397677
7.7094503343858305
7.619886275837655
7.539733042748234
7.590850912916617
7.6384747972417655
7.660170982070561
7.776887821417924
7.811417295956068
7.893463824731768
7.868659820542542
7.686287506178736
6.054842593853353
6.6259370537437565
7.019685614455937
7.350615696573479
7.461260272340691
7.49844607056474
7.595665630282715
7.524857722476187
7.525791445853384
7.424414423443314
7.320314002698549
7.218322328795118
7.343249932873107
7.302410357080265
7.421229496347727
7.521157625015505
7.586803105364405
7.759957237578803
7.662607466290165
7.616937924588224
7.909883604332003
7.6539045576465945
7.634518514677604
7.301918053672072
7.544727427625756
7.465190583799073
7.391389342971041
7.505011033964433
7.702393545761517
7.784324169186709
7.785293847005542
7.7794280186554845
7.711811216590159
7.775849355609771
7.752656127142935
7.818228928996371
7.95848460396345
7.992938344559689
7.94456142125822
7.922024027921105
7.846094145734261
7.722450387298277
7.581104805463569
5.127587356489887
6.748715172753281
7.334926142524764
7.8040188405603885
7.89327204628947
7.82490224318115
7.862553045585328
7.881612926280832
7.938156640386089
7.809714589640041
7.930436351551882
7.711680857152839
7.616732231867294
7.4340870840821065
7.644404971250561
7.674231933661068
7.517061262205864
7.359147607020838
7.466765547771649
7.762402533116019
7.6623097450273425
7.923608410048231
7.145641018562855
7.268194830282905
7.663628900634846
7.698871059996131
7.477125126034301
7.339934642052797
7.502336772395497
7.648732256042949
7.783277892426574
7.936773807478368
7.9438143647355455
8.002661776679727
8.004254447545918
7.928337695810151
7.969476291732116
8.04651070797728
8.134167396852447
8.137212072436112
8.006238959524646
7.9521072952555665
7.8853059612453995
7.7765362809047325
4.0385292325180036
6.07446614159742
6.888200637422406
7.592647008027516
8.081024239195164
8.214000789879346
8.048579532680654
7.9874758707651035
8.041751679204642
8.15798226674657
8.129874363615256
8.114720519340949
8.042161737099017
7.879365899006387
7.858716536843099
7.360913257454985
7.4032953825471015
7.229302885104068
7.176298781284492
7.293696975206145
7.908626647169971
7.710441975682984
7.895219843806782
7.02783983112855
7.281354404635721
7.871279634067138
7.8618198891639315
7.549419421952855
7.492807212563795
7.594413863680257
7.6990207779419775
7.9322346798153465
8.113888283290212
8.101040065307929
8.224638936118236
8.282822040214807
8.239557632682738
8.245877076877536
8.248831420852115
8.251475200451962
8.194229290507037
8.177968739687731
8.172827935103296
8.110621374996015
8.015541327291345
3.975387509074526
5.610865125440054
6.7663186774426185
7.320116958254047
8.106883347168655
8.363365734791088
8.399847674075103
8.221852274879668
8.074389496915627
7.951783390741934
7.916607830913168
8.070150809833908
8.05409569960021
8.087728562546012
7.990481877343572
7.579741416804128
7.066276612736433
6.861722989789527
7.150173678736755
7.2238802659581784
7.382214917626401
7.634846925158132
7.998754504676025
7.7630218916483065
7.52882384696011
7.491847380138443
7.845612901837111
7.862421624220643
7.632809098162831
7.657045010601159
7.745915633819539
7.820682529023704
7.9422164702854525
8.087119942398239
8.342064920132447
8.445590995456868
8.572160319707308
8.634965028970834
8.605881854400685
8.524814830895211
8.32487862551079
8.332277791071704
8.286329148727294
8.25211318996174
8.232888140629079
8.12679240386984
3.9994068409533874
4.6040462734870555
5.5575144453640695
6.607047753111648
7.144717863746513
7.837083168570245
8.03544105414803
8.47295902038407
8.628520439726334
8.548867864952868
8.415298551060207
8.244989944956066
8.053322305601665
7.778677589282544
7.797213125469723
7.9406179519648745
7.872036791668887
7.781899638601111
7.786466944514845
7.504168303753558
7.449247144307933
7.458087205711344
7.481697881176429
7.56569106869281
7.855651180904998
8.092625190395289
7.991779880321452
7.697279566569438
7.6929972822611035
7.719415103937389
7.773751104381894
7.793721874174463
7.858967637755247
7.906582888526165
7.992726517964471
8.07530982179786
8.32168195210364
8.513361096827376
8.592143981461348
8.837249813636772
8.870638158967978
8.847522559091955
8.645214048791823
8.441141175699403
8.423613012797066
8.370764664640333
8.366314418491154
8.306610614018263
8.271861156689106
5.088332058025029
6.364282300717234
7.172684193468251
7.946322681595461
8.32313358428917
8.430810334489225
8.536311919739692
8.663073051079904
8.836705350456274
8.825636555244959
8.853490362128722
8.630319656723183
8.28767390915226
8.059860755281877
7.932441730232043
8.048141745514057
8.217021645052638
8.100406435782839
8.596565629842544
8.48770446389879
8.418352270585666
8.294986255080055
8.036095620967584
7.91412155921407
7.903244139247665
8.256969757064411
8.444894951602713
8.170259084640222
7.816913442385549
7.635267641056109
7.791585338919236
7.825228165471433
7.994433746251736
8.106197291108014
8.05175812221347
8.113474386047796
8.32623616303968
8.545883402280948
8.571341082657458
8.743066514452762
8.952702141342872
9.095653111639658
9.033458513341781
8.826843179937216
8.72239900449329
8.648617200209966
8.546706078499948
8.545738472713836
8.446419455568522
8.48857753697804
4.019095327777852
5.063033504110613
6.254077112237373
7.382436486636833
8.189203010852323
8.537577204769379
8.909880191901605
9.061006275320418
9.243446965879007
9.122901843973004
9.143947440124055
8.892242692154376
9.055095997780521
8.64122576529986
8.398165708218016
8.233083160640879
8.20975163670299
7.989275178093864
8.015023959836597
8.874862099314981
9.38923797756729
9.056507764936253
8.912983004471574
8.61821108836819
8.440695691780736
8.18129939915108
8.219920262758517
8.348249308355443
8.759668585177053
8.142221921000857
7.477840571745743
7.7065040182844164
7.895141551926878
8.021215619957434
8.237891571881084
8.388417431987895
8.21096735153055
8.168411038396256
8.507496676827452
8.701821476689622
8.849117276825586
8.82733633310311
8.959821162227795
9.273012446455063
9.217714062767703
9.050474525065642
9.003761091146114
8.788795234009307
8.764525779990539
8.728489755912957
8.704481622832507
8.814974663676127
4.5015539191894725
5.658097896919777
6.582481789530434
7.521444401447352
8.278215590119917
8.56371469241409
8.46413171393835
9.074233980676167
9.211685594334105
9.423452372422135
9.542992790356823
9.366216319558811
9.241969939186934
9.217223398880854
8.891807851120744
8.635205780315744
8.469664142307671
8.35045318243194
8.426543565629466
8.577762049468832
9.416455009348374
9.419549883773065
9.268993650838949
9.05994702577614
8.771683013015094
8.897048094885
8.84251550811795
8.70269038601682
8.643304964072662
8.240633171371407
8.333637989892317
7.686162711206435
7.627927553710834
7.841586249970395
8.0969590231579
8.204189166481198
8.279695423013777
8.296543858722512
8.388176991775344
8.672913831184662
8.913027809047147
8.959953417968462
9.059452641672108
9.135261773538067
9.424384906801174
9.500512284129037
9.487415082067754
9.356857286942178
9.10276113974889
9.029514954354896
8.90426800477592
8.910280841264576
8.848181813378625
4.964550693906239
6.255739707715837
7.486089187991098
8.25460019498485
8.35484643525399
8.202429471588399
7.899238191719386
8.906923249737824
9.323292595478838
9.684387309392974
9.701757851598725
9.093208642713638
9.444715368422083
9.409506442651347
9.352113755408315
8.883878703397535
8.680776122520001
8.78073743408535
8.571456892038205
9.150880325919939
9.499847073188379
9.53074022205561
9.257769613658084
9.491378407208458
9.10648645343632
9.365266527141491
9.480071014447006
9.11823878643054
8.726606601268204
8.33742623038857
8.529802677090085
8.420641104130436
7.805147824728212
7.984561144481992
8.055242506869106
8.122612008144749
8.272429682973412
8.515602631175929
8.786041340691856
8.960362915003476
9.049783105762943
9.135544192746009
9.27210052955748
9.369650797274112
9.502352064102274
9.709864021716086
9.831226262935289
9.613100361198182
9.35047009460369
9.169019566303163
9.082535744435345
9.187238170307994
8.981505316644727
4.109289971372541
5.5508252765048
6.8773182596544595
7.974078785419424
8.571794974172665
8.522913567739723
7.762477376419563
7.8651163705635305
8.794350628468235
9.393298019857943
9.617648705653336
9.602005491913355
9.547516436990668
9.250629224739562
9.540879988906715
9.452949012479387
9.120306609744713
8.978939001605562
8.988188100671993
8.713594415491592
9.500429235200398
9.846906350161351
9.590959933773707
9.704850566118447
9.950979170591035
9.694176155814265
9.918986717810293
9.86562725901503
9.521941827768503
9.087479298380515
8.804659780042023
8.37005768618427
8.632818513215316
7.906601098277604
7.954942804152172
7.960115165861546
8.184041973862456
8.40868174011694
8.69727109777229
9.049641921318848
9.205689441377183
9.401347261210184
9.36254329902765
9.428593155813273
9.484921422146579
9.55818634337667
9.826323369158283
9.96218050280194
9.877812569433871
9.664772731935251
9.393342419400927
9.298529771870463
9.313526722287143
9.153156562651292
3.905769445143321
5.217945177988593
6.409780721656682
7.571376893408282
8.353739367752818
8.48828409970562
7.8769548221259305
7.377171651035463
8.326659621963877
8.666336930896767
9.107915149673566
9.240532444108295
9.209594980957664
9.308280230233278
9.423661878439503
9.359485343743195
9.387515915720067
9.334273591211659
9.237469836053
8.831128870406026
9.024616322843404
9.62283692439988
10.108720043900842
10.275944758859293
10.234927739019929
10.197041920442544
10.213056558909779
9.8210397723699
9.110011725554216
9.0269342414168
9.030720444309367
8.601841779130321
8.64585825385346
8.969322509642243
8.11725712461865
8.089964587489153
8.286814255678218
8.580530236143852
8.738393230612727
9.033577794868526
9.305366813621546
9.49888855208678
9.582176239968655
9.700459885412217
9.711689990253275
9.69347146388152
9.647316345117272
9.792739700551236
10.011591852945346
10.070719607867614
9.9264762195782
9.657504674496513
9.548482605147813
9.541701705875932
9.48879951340693
3.6031862857122143
3.8397601667739063
6.343608022157408
7.54639112177771
8.01342637328099
8.249090778591626
7.903332475150604
7.44150657907281
7.971068722208201
8.298956553625692
8.89439663457611
9.135606046143073
9.178146540031783
9.182854504360458
9.256231337594649
9.389269667548508
9.466331434085141
9.346102326276881
9.483837069867013
9.37492498703107
8.733751388274221
8.76063507257337
8.853420902094348
9.709954738146193
10.25240078220755
10.399921025212645
9.840609064174652
9.92744537042244
9.51575530006303
8.675002919178908
8.3791857828001
8.512794169952809
8.694822768287054
8.875435610468827
8.776033600812493
8.307945393900068
8.439846788787134
8.786721081391331
9.177346691564521
9.461086762831343
9.419585828961543
9.626641654466958
9.766951732707813
9.8547407166721
9.89934996899522
9.894047533547049
9.878743767163822
9.903528639713718
9.973754642157905
10.08459783116246
10.209286080578838
10.090598057190476
9.802319292350731
9.766524974625256
9.722391092270128
9.769264886372993
4.719142352966021
5.589483207441815
7.500808943528937
7.714029228811441
7.93203023618272
7.706019819626532
7.384616887530321
7.88473510558706
8.444305802285765
8.91865995363285
9.159547391696266
9.064375323198858
9.068366312036288
9.18349592632235
9.351685927045544
9.388490435267492
9.388655777072936
9.21159616953979
9.409052957277913
9.891242621520563
9.268838030864247
8.652563235461379
8.520800783735071
9.383331968516483
10.373803033507803
10.504679574063452
10.641672167517664
9.965607040688447
10.041458362542034
9.261084622220691
9.146426306943633
9.351855883488035
9.31091443206875
8.850382657072354
8.455251562327065
8.268034129330577
8.674148377427382
9.228500944970493
9.54367709398812
9.7719850107113
9.780748821486782
9.812095245937845
9.846044680281214
9.797005452982226
9.888059654711691
9.88036491205201
9.93691469264981
10.12018500569368
10.193864354807072
10.187220632451181
10.302360438758031
10.220014853575824
10.028735390695347
10.015768600676845
9.982582692812711
9.99045003295257
5.580146553706579
6.168523099314426
6.95427848712442
8.044443039343566
8.192179346110581
7.707444307130573
7.433527098820017
7.869942477212542
8.592389233777102
9.006184120931183
9.204283593237259
9.046862127386692
8.997699064433611
8.828737803030053
9.118168072044728
9.417610164694167
9.389539828942675
9.148732503636486
9.443787590691583
9.783265363546771
10.30894481436585
10.052639674192223
9.216608737907274
8.935555436008348
9.490318039942316
10.147110821543803
11.040380527179009
10.931010475290297
10.499022327464015
9.803318664843598
9.998580189038364
9.885023313461403
9.592831047152373
9.350894262397976
8.711925583972485
8.412946185472535
8.13974088393235
8.471499684750809
8.96403771874819
9.406349672598639
9.681407237303526
9.782867950995339
9.738919029895401
9.79586387026833
9.827425208992953
9.918359706555474
9.901313147711512
10.105432365560759
10.237901059930813
10.241859544105335
10.259605664443642
10.374922294479997
10.350582236713619
10.262408347180267
10.208000407347766
10.125896462330653
10.002677699778301
4.287533153766785
5.962262385687312
6.71692126266584
7.595507475268104
8.039856607736004
7.987857592096853
7.554948642578725
7.586397266421252
8.359158049191375
9.127741206439346
9.300055801301962
9.306044219458245
9.089958046306931
9.12802633845687
9.222439993383274
9.135006686056007
9.356124607780563
9.18300087460195
9.133375895774979
9.535148286691747
10.151085213648567
10.337187838541013
10.729964938513225
10.173327069043152
9.765718619453427
9.216839273196204
10.377036873592287
10.804225414339392
10.202074818631042
10.647886891696897
10.591692622711493
10.12867920428462
9.569067432282209
9.648420962376273
9.232885837874688
8.830266716520137
8.468300087191503
8.168498255183854
8.441722862746403
8.923271170160847
9.375614609593397
9.602792206280315
9.771647468081213
9.75761633084824
9.765958342887103
9.840808797066515
9.976560681995897
10.157284859213945
10.267928600844291
10.408303084135772
10.383145118797156
10.443384438864028
10.498574828019185
10.53566603374172
10.384185998983977
10.35700963562722
10.330305012441242
10.210005054976982
4.471870516072964
6.194878109183513
7.139941439304138
8.07908764491558
8.188843430259885
8.048991653859476
7.812192213515412
8.243963905218795
8.90714529238003
9.378605714214599
9.568921247605562
9.652300748675309
9.573288231422557
9.433521912585462
9.354475013654303
9.41722747290777
9.460477433589599
9.382346335959879
9.385403255158508
9.710197450225557
10.227593595093413
10.512754726080557
10.545371453024446
10.392392210893608
10.09961439150031
9.513997457976261
10.004630449408639
10.337673181962993
11.077427498693007
10.812954252664097
10.295614530278625
9.953057229084603
9.808325970754268
9.60987877283992
9.868066018640384
9.203955005485565
8.704650846340865
8.405574111529639
8.863276226164462
9.257634356178409
9.656455687332626
9.739490966447628
9.818292278764048
9.842045526202083
9.858666661366696
9.956749059481776
10.091214365392268
10.289184675964986
10.478218871393898
10.60465445637572
10.57321858339115
10.639962122324398
10.632521034069342
10.640723713739057
10.639826610262524
10.690162848253959
10.610985823743967
10.56178843600604
2.9476066531593976
4.714527467609544
6.657184320178682
7.8835233875943285
8.569017107713098
8.458940152395591
8.138707276640009
8.525472020363289
8.903601552174159
9.274205234056105
9.383731954819162
9.50840978311198
9.55084276320855
9.711165695638906
9.72961953928756
9.642460810953773
9.728727361112657
9.541563495635994
9.460506940293197
9.619732966348025
10.038351296960428
10.656489797071806
10.725480539015338
10.245153481728234
10.14107856598578
10.329650798966734
9.680855191607641
10.016846837691324
11.014591696861306
11.765106834632592
11.366008008159522
10.78477577500276
10.408698772953182
10.13794201299748
10.187484958194048
9.943605036374388
9.577339291919479
9.084159962127588
8.687690528743376
9.021375326223973
9.485037157199683
9.885499889349584
9.908138141295122
9.893590895317093
9.960668543408511
9.996275974230564
10.086385116011922
10.192482923375488
10.402307844766643
10.547445098563157
10.55055713669549
10.6054855047125
10.76475397366765
10.889734605349
10.78287571517814
10.887670500657979
10.949312398448143
10.859714533250209
10.830293076615286
5.454711608826591
7.357657895904813
8.401552872603613
9.069562536550599
8.638438868358008
8.645147964696571
8.605149152573508
8.84661796292694
9.20009005738878
9.600590714363612
9.491606318962598
9.734075565759538
9.751605178764702
9.920363970894623
9.989916311175106
10.040372254347714
10.002286442171437
9.499615324477155
9.826553727771648
10.252191931746745
10.797586537461376
10.594118112592092
10.319918859309913
10.334695716887838
10.042847234704308
9.881057629594656
9.440727911241744
9.654315574264306
10.248853581125298
10.831729328308379
10.819917497550163
10.808125112373046
10.648309566733618
10.260940669462787
9.784775660248732
9.487932590167487
9.087203404707324
8.991368444543571
9.045957086958275
9.427948682198528
9.712397495405977
9.888012592571904
9.983312527038773
10.065189588378917
10.109684920279285
10.18470596868757
10.334218640225005
10.441439826103688
10.471107547880486
10.647926284472536
10.767394276751459
10.931369901088221
10.970635578655846
10.971034523286194
10.992414638981522
11.069399509795044
11.045678947600237
11.063278779089089
6.180802962561257
7.3722725375786275
7.717602284943759
8.235335146638123
8.65816555392508
9.020655309003976
9.02856192260484
8.98405243823527
9.235777813758773
9.370418490884514
9.692132085060392
9.806521901392895
9.897886611114782
10.001080672093728
9.874316775939098
9.819033527882329
9.811043547342026
9.848377423427737
9.730348189043616
9.883919187860943
10.478564775080534
10.452814277088983
10.149643714562268
10.186445059828475
10.31019291459815
10.601623306535792
10.845079562204967
10.845767683259488
10.916626598120086
10.814793734927207
10.749692294709233
10.110420310248776
9.732433198607865
9.21798467391558
9.551604641772599
9.20286426543837
9.199216767590839
9.51673493994277
9.6442332876315
9.829787064582169
10.04024218505882
10.18292150364894
10.280023398856464
10.369129815100521
10.45747359493889
10.508691919679094
10.499233978255146
10.6184900989732
10.642219841222943
10.864102943573425
11.036514865621
11.195771927816294
11.195364118321072
11.10249079541692
11.207521370196062
11.260883176732683
6.409550689580578
7.70968822840388
8.560978939382762
8.588534133773384
8.682298942122896
9.029657697155777
9.068389165679212
9.133771170035345
9.107546250471355
9.249158298854185
9.498503379712929
9.57108624915228
9.74311965666304
9.725867400653215
9.955709150667268
9.90537799608623
9.621945264969044
9.451846877945313
9.58817525045748
9.525419139573676
9.644054030592638
10.044797742687019
10.550605813142871
10.813404999135358
10.436132063672249
10.361773337204417
10.643791751710982
10.81012474545786
10.865624490023547
10.991311778882274
11.073110084238726
11.007729343426814
10.828087525885623
10.470982187362713
10.045657548437996
9.645204443867428
9.615749733505183
9.498857169102147
9.56528866779436
9.790981336786682
9.981652691244237
10.073214922431799
10.090960490574197
10.225231955036945
10.343254276737087
10.497272849376461
10.610964179110407
10.67825049770479
10.678912592263705
10.77379416438293
10.735672660167669
10.941452363653019
11.094804388438373
11.362060592393227
11.44095066564345
11.44362339646393
11.489380591765785
11.44746761605772
4.33662428781237
6.588592228820258
7.934589883450931
8.20015243061043
8.390723982730147
8.89507220444932
8.864157379849706
8.782133784003388
8.916849020736201
9.060936680388494
9.19258373874104
9.408205170310824
9.5190894887354
9.627240835849157
9.697674245612202
9.849491522435406
9.855027248375848
9.96895178642171
9.92964255546834
9.738531105187965
9.611496021193444
9.623363835990778
10.024309989295435
10.367240187482714
10.671819840420111
10.58306555581287
10.691323931631645
10.567426797331718
10.71883612870709
10.79262606948585
10.775793514740013
10.754614962505743
10.953539133516033
10.816457818499982
10.63184652423754
10.208226200143514
9.800776586570201
9.570572541732215
9.687055286581824
9.832247301046298
10.048327969598414
10.18507296868921
10.194310391821318
10.141334110305692
10.318399794573631
10.568828473146779
10.679410631512454
10.824186568229395
10.728780693542463
10.98975078755636
11.053832267795073
11.127458090273649
11.192747110040672
11.375919311439173
11.522039010732248
11.62904176079251
11.683843046801567
11.692816962947127
11.661838941926614
4.483450871140097
6.160496471291177
7.580824632487767
8.047294594259169
8.076245217399523
8.557795031556823
8.617443566753726
8.57496005673217
8.81968256319728
9.035187660537744
9.145318407101426
9.111749354750021
9.526057594279225
9.779224178510255
9.785742620657482
9.738529402709572
10.112500144286306
10.448305731138737
10.560632635723268
10.696348116477772
10.62107983348185
10.39526416233304
10.483582900190108
10.730062974541964
10.7665148262049
10.746320483305274
10.682891289106342
10.343544252746325
10.512330320274751
10.42336425549386
9.979530099707716
10.62002560921797
11.217346355917838
11.007542402708761
10.59890965301451
10.534547388523473
10.122354436621789
9.963019784210129
9.935815795776946
9.881905950806477
10.116406827398919
10.3813380661307
10.479152143390138
10.399671386323837
10.524633898189748
10.86745127826128
10.971496696620562
11.012103847605124
11.08352295823304
11.239316543273326
11.456865461995314
11.515320492558375
11.59706696437554
11.693188461913874
11.817490350147782
11.859385033816036
11.973016611380347
11.912306894592895
11.834144681945611
5.994535308901867
7.296589539575928
7.672143825010839
7.8488863738413155
8.22692117431735
8.540767007171615
8.680245825923825
8.784532764583
8.960297447010355
9.234225356739863
9.390964057682398
9.534839230220815
9.768388483315364
9.97495160861229
10.159742784881615
10.487920181365153
10.547560863984463
10.325778086303949
10.398270344948415
10.609485317014812
10.51336191721279
10.623251267590506
10.968285478148044
11.248350316926798
10.836542600346121
10.578036785514547
10.330541081563295
9.965677411993559
9.616371779495742
9.740195083902147
10.478958966331508
11.315367572012198
11.16430675517073
10.613928568938762
10.632790961833404
10.347568646076631
10.169276937514113
10.21534755806369
10.24092149975391
10.34533321347085
10.387908194843662
10.49364290116133
10.65068373691875
10.845558415491706
11.129623740910715
11.215532651416158
11.215519784034953
11.34073300218317
11.59337556443921
11.71496234312856
11.848461059555667
11.89565975530965
11.962420895359843
12.06080038076753
12.104734152627255
12.175245657867244
12.159158983765202
12.020433233249578
5.681184308376782
6.865504117582659
7.452977928229631
7.796162337488748
7.9297102618404285
8.182516791086966
8.507072296532504
8.685756507627252
8.850881174473406
9.116353552431297
9.411453729680513
9.68964418039451
9.978343617349859
10.48338183480562
10.770919239530844
10.58377414117586
10.443451119143312
10.035012809298836
9.808049721577031
9.832925375607363
9.955645317052712
10.501536246359908
10.885160815772577
11.190670254160937
11.05087313477172
10.415000688818408
10.041772626677059
9.674128064576573
9.327105017850151
9.394949811563404
9.937634766651627
11.165039398961845
11.368711470787646
10.745746731829952
10.65390024440709
10.663878984051092
10.479727291346409
10.347705145412181
10.44279479678136
10.45190750084278
10.211265207272147
10.325890097470337
10.7523055883754
11.13298189134902
11.400809836116323
11.524943594532443
11.568158659027404
11.792765455008544
12.073746956668385
12.143691068406206
12.22306413359865
12.32702280494862
12.305842234230212
12.271275646423993
12.310345980281946
12.365100605868841
12.328411453992333
12.27180616572387
5.162857907487015
6.758728060700062
7.228939589278081
7.731922013448366
7.752287724257923
8.308969330899629
8.535767765294603
8.549214112285766
8.703400475963385
8.889342710536093
9.123047334609394
9.35768052514236
9.982955683314474
10.719053168458837
11.139010961416265
10.666361044937817
10.396547645733191
10.0374956613029
9.891047418220907
10.078374457576652
10.00267084506845
10.083237520500928
10.311755476301817
10.680397467465822
10.690366456489604
10.601709878823753
10.02068431022242
9.598176562790758
9.269630401518294
9.158025616331617
10.003467423833726
11.400945067960482
11.469958469065084
10.386122545708298
10.613759173795389
10.795831995881692
10.740048947268122
10.704241390919616
10.708441106113364
10.523610453956321
10.370418254560981
10.458079827120955
10.900403304551565
11.306849107394674
11.627837093911907
11.768763635492771
11.995811324440018
12.269745700564364
12.49347329700395
12.521987395933166
12.522138068954444
12.498180426426549
12.522706132170267
12.520226136558291
12.480176843997016
12.520106075552846
12.530680460754782
12.527773865927573
4.9527096485038875
6.722698377495716
7.201594622482233
7.406863495602437
7.69577516069877
8.5872134733118
8.578335577637572
8.674891039635058
8.55672884381979
8.682278632343758
8.884602900994917
9.200580233835032
9.859916420440303
10.541150889797079
10.824303173491376
10.578451415545773
10.162772819696293
10.032191330745299
10.178766499576705
10.273693743329794
10.255725330083054
10.075399094963796
10.013834113160877
10.129596745912227
10.451892883529851
10.62450612204781
10.068682402257433
9.60517717281671
9.31551334684934
9.213002199952031
10.429498643806948
11.263148770280262
10.6295202229547
10.629332052094288
10.788797439084048
10.910172757028555
10.983442234169456
11.018390299626887
11.001574399555441
11.058146613411802
11.002184980822557
10.954978121086231
11.139824314175344
11.439540099151683
11.730384702029149
11.965537195093901
12.185318324387726
12.425700047154534
12.614418070037148
12.648875608968769
12.680987315473876
12.631760813373644
12.532566684776691
12.560462406344218
12.545839502416879
12.664854360586833
12.662302067147925
12.751404767418146
4.861780193890307
6.585267509539802
7.205107966679095
7.2324604754140145
7.661598314468908
8.641972017369566
8.865318619133536
8.78695392515295
8.603845084204865
8.615535916277985
8.826770836234065
9.006115597224575
9.411433846290162
9.622865966649075
10.165198129684015
10.142500429284073
10.08596233394774
10.119979441929859
10.291927928614973
10.358632473099517
10.360556178640001
9.946803792387959
9.887320207243983
9.751824351157888
10.11078907213127
10.232850532205978
10.015044835610212
9.607248421160678
9.382422896712448
9.695835861547387
10.392860299580365
10.734193691700094
10.978718951359582
10.98159722825363
11.043642936807572
11.199359265803645
11.259644236476184
11.307701841239412
11.216354612587304
11.277355845072162
11.263084009141808
11.30807965339481
11.420362412929094
11.632737763914921
11.855623926093921
12.060899416072893
12.299629080084937
12.543324213250873
12.764284438183124
12.852759466650161
12.794794930811374
12.818469588580523
12.673571158158964
12.710143006128126
12.723967590572977
12.736022050833933
12.709078559725176
12.782772385976994
4.777724412772818
6.059625566531187
6.718369693693026
7.046916241972994
7.730157376250253
8.72948723156998
9.186326743036357
9.205674036703622
9.228440028551185
9.218784942724582
9.287813428918898
9.128972757823067
9.426645708378631
9.795209272801058
10.049654178675947
10.040027043205114
9.967579247118298
10.183436612408295
10.258445241952616
10.234477305993542
10.081774152157871
9.814566454358793
9.798798112427695
9.967409793310724
10.115653733981253
10.281490658875807
9.835866412580337
9.688555958856124
9.908878591137434
10.104281799062358
10.49126080028953
10.826224615912936
11.071231405796887
11.205545776815825
11.372276814475851
11.5724297475178
11.6632073194102
11.670444925433067
11.509688479885893
11.478850226314423
11.634246665651764
11.616358574848846
11.78649875277644
11.958007587109165
12.140853076679013
12.25819794019607
12.429556901102712
12.775209621734325
12.881870321889977
12.963158744634335
13.074608971809388
13.044307535355731
12.878703098789401
12.889581473341394
12.982430792364653
12.975075216579835
12.897383762887591
12.786194785830109
4.790635604524735
5.912843883486467
6.620758415958277
7.059340109005922
7.6569676080864815
8.242739472962803
9.170387769077918
9.524558218606597
9.504796169986825
9.697262133604069
9.656093873106505
9.466973712705363
9.2605856587084
9.587693012848675
9.70321090518905
9.807228650686882
10.021559500371108
10.11404491516155
10.224683176581268
10.249495966273892
9.875796527216854
9.706665433103602
9.859125143427297
9.981990628883727
10.249257028834155
10.1938417456973
9.901154678939495
9.78087821013067
10.018709699667053
10.176635464599176
10.401003818301216
10.683785745760657
11.065290816498916
11.426701613027262
11.773080029072082
12.007521214944303
12.097188325018253
12.011823424443474
11.934972490510132
11.919397065357355
11.887287420910058
11.971944630817765
12.078607329671039
12.103550568866853
12.259348054439535
12.428036346892673
12.622998450258212
12.920154467602915
13.09731665647457
13.108188133371591
13.213829355717529
13.232343034195852
13.13821072738624
13.131516653480393
13.196671670355938
13.222855128099468
13.011662174845663
12.765036251027446
5.046199705656076
6.0039434184664175
6.575988257159703
6.861946642113646
7.405141168109223
7.981012329683949
9.24221663315418
9.80245836635514
10.153802668496928
10.161354614323196
9.903724956850619
9.792690882163651
9.6263783158259
9.49078969454295
9.682413604758997
9.766511894836885
9.935646546812773
10.062255685586628
10.113325401507279
10.211608039513322
9.928488946010098
9.834783339959543
9.831341902907452
10.096268324133376
10.286552658908862
10.05439177880057
9.883193069375219
9.938380870751242
10.010035459736683
10.09357000930733
10.368761000745792
10.71193814775479
11.23472378535436
11.607605545607267
12.026654324012757
12.252433941383803
12.383355231130036
12.37478788798641
12.361446464988969
12.275621738136385
12.205133351501605
12.17002149079682
12.233630962321806
12.3659281588161
12.471706218317795
12.60214982665749
12.825532749444093
13.156728543459524
13.25354683792385
13.288825045887423
13.322444344024232
13.293003458084577
13.31277234667116
13.39972056493482
13.400089299955482
13.205590293226031
12.97245752958131
12.80668666554953
5.181070051946322
5.84809734547177
6.283118036675675
6.4247923784295216
6.87311317831832
7.795489581365435
9.068922042650124
9.992189766558901
10.643228134032677
10.568124069096227
10.161024188324939
10.152570242159255
9.806644914516028
9.617871062135098
9.691743660180359
9.712545755341923
9.819957391113125
10.076391693792285
10.289021747420195
10.254707698917223
9.691597092544352
9.564853621340266
9.55337931007885
9.82063504502027
10.039805260092729
10.190510379862953
10.140813127727055
10.362226920149093
10.364915747240278
10.41827931003051
10.831192019799422
11.261679309962094
11.65423838741823
11.929318359303483
12.263955515790494
12.495571735650426
12.614665052965384
12.601487688104905
12.586617660783224
12.486894927971516
12.417515505176688
12.34672645683088
12.352028994477116
12.571329944702446
12.698334989844545
12.879942417411927
13.023309541222488
13.254075173984077
13.361266921816638
13.408619904302062
13.456007367660657
13.45082499828224
13.532394758946296
13.622796268601977
13.533686780548285
13.296587608053416
13.088122077078912
12.880373014051104
5.18241305130126
5.485587431738823
5.7197554322972355
5.79812684294666
5.889648255496094
6.496749073553973
7.7629397934347075
9.084334338780295
10.339506554948606
10.780529811749082
10.636261599376173
10.490845788744096
10.430665966726142
10.222259227056211
10.001864630506915
9.871268374521698
9.838141074414903
10.033077505980346
10.212345872748262
10.235281217207337
10.227626154432627
9.575088458935792
9.446958266577068
9.590398508160389
9.898503471317298
10.191453521992726
10.401779915705117
10.590849492407175
10.821702221498114
10.946218062454935
11.03062606100193
11.302901239371561
11.652629249438917
12.023337616156509
12.332922304776922
12.5735204317611
12.696303686710376
12.863666475762397
12.947276403045455
12.808235269701779
12.701732260128733
12.666605053660772
12.634298288374417
12.67140347033453
12.788174889538384
12.90821530650287
13.079816704056448
13.267354212907463
13.45289812073544
13.457799638272112
13.480566471019412
13.51564159936481
13.615817280045386
13.649070325230612
13.702031752342132
13.604061665701524
13.462548092414064
13.26571468663794
13.051481033710678
5.500449763319222
5.7931414971661335
5.491756504933349
5.2781445245004655
5.692533001162407
6.624669974235413
7.54939416986436
8.278378713845703
9.760546165636274
10.562102760413898
10.450094323950857
10.38485168220212
10.557543777418413
10.517764394825743
10.305550607763946
10.094597242223946
9.957411531605132
10.202009406502683
10.384248306903839
10.059587791053575
10.076525767252601
9.406063162928385
9.315087981641815
9.824500797642498
10.128949363315561
10.32291060442355
10.534978184967365
10.930121400457523
11.391890794409948
11.369787711367023
11.478401716356665
11.829657493356777
12.153462862761282
12.514529033245143
12.585896167150468
12.70788391418458
12.796977268002232
12.898366676287342
13.096493882625541
13.04097507122062
12.959896891095406
12.938858264679391
12.934347049531578
12.938502590241782
12.941499128615208
13.033934920861975
13.34296582671974
13.533065797558953
13.583733343170525
13.46475620033593
13.44923240310891
13.617095023466185
13.748739334945741
13.81273793622148
13.865860306317803
13.741484174837826
13.508334179269578
13.417620057905273
13.192054008878378
5.707553929819963
6.3833170359876545
6.5194446760839275
5.578768070338593
6.1293713452192495
6.747933354946312
7.596393494429814
8.020628978991958
8.80080786006805
9.513610977509193
10.02446867865018
10.164562770122151
10.28009497984671
10.477900014966899
9.840712290000724
9.508711560720506
9.931282459400762
10.069751238086873
10.16356898083429
9.769941407693281
9.368470326619503
9.087457792896496
9.276843696336622
9.890410559672457
10.217705665798903
10.41476943063445
10.469468122014359
11.144722906909482
11.934579494198521
12.153840641887502
12.14322410196953
11.992518130475732
12.217825389406151
12.651397360101736
12.776645110115082
12.721450905291283
12.631911188846303
12.745945369894352
12.899442582391153
13.00836868429544
13.107937070499188
13.185642192316436
13.243177917244013
13.137941803483017
13.255769093719758
13.340448594437873
13.624883325526588
13.733205206599918
13.427808351759948
13.256228696462147
13.346905252723204
13.706414476643372
13.777308063945407
13.890709776036882
13.913177830214662
13.82647509530062
13.529894158559639
13.475989625113437
13.269569428924234
5.768980574681896
6.5554855285265905
6.818732819569334
6.641263197817461
6.292209021881052
6.512264542413003
6.801938009302254
7.144034866263873
7.680613428633801
8.32868488788727
8.754025034835239
9.382205539245914
9.44273739763549
9.694153198566921
9.746591801580978
9.599036767802534
9.214058722590044
9.29090667251359
9.519704603790045
9.897233619892152
10.154377446417609
9.291455423141343
9.08337046550017
9.301528544577105
9.577835338219645
10.010789308102575
10.204026902595839
10.637803194357106
10.895490918468
11.427120408518553
12.201244313831113
12.42021662722041
11.895451695592957
11.78509958634398
12.139803937961261
12.397605154091066
12.648842744673006
12.699835735567381
12.70645189454933
12.577816589074216
12.769742040061203
12.901994084137478
13.152968536944888
13.35627076577104
13.409929682731862
13.32484931859195
13.445271216792282
13.4859014697129
13.70825902620729
13.668766885618309
13.36589845519712
13.429943115761743
13.506571582413883
13.629326737149063
13.740475142449057
14.029392479950957
14.057701259284435
13.820873095788764
13.556143705058412
13.342103067259918
4.891320985805928
6.057622686519725
6.73369957951053
6.9630532113551
6.559956259266229
6.821588035679292
6.989916095297617
6.785017036128278
7.343264528902454
7.698961411420574
8.176565329982482
8.77765212828967
8.791310073363151
9.368632689114609
9.18993265900302
9.037109925919626
9.246521819364299
8.855665509254804
8.943923010752975
9.10527499775367
9.295415089165534
10.19202981714152
9.598974156631954
9.351339973757428
9.34675907018055
9.705761278652282
9.986997872466608
10.341355236689399
10.642244611642907
11.143114766723862
11.506529428234133
11.632808611623073
11.720456343151964
11.63899590283804
11.32883591724901
11.666874634999614
12.141615153873646
12.3499125851266
12.613599180555811
12.793124317461933
12.850649517923713
12.864610361579281
12.79696180143744
13.032592097014803
13.398389332294853
13.515890344629295
13.643810033945144
13.381145281201396
13.349714181785219
13.466117054973116
13.622114375483491
13.77614454516361
13.79783107478222
13.865289424869864
13.699346606945827
13.670523342009078
13.76280382729773
14.094687161011432
14.106806500703268
13.895634566985603
13.587806262242655
13.416175795595123
4.668387764858524
4.820270210029168
5.38804303911243
6.220178171873691
6.752007909163527
6.638303140153921
6.918433195784028
7.210399599687524
7.240074529469965
7.699919487974548
7.513422243554414
8.219928004387654
8.717716387458477
8.9069756075294
9.21782498588782
9.099540866808296
9.652459803715137
9.383045701621718
8.985023482054382
9.049758772510856
8.935886872339765
9.123238780991128
9.367431413388918
10.206526719631757
9.555570003722474
9.490570904730014
9.36792967575414
9.89688823389372
10.3258629438447
10.734852001039801
11.331712344822385
11.671577694656847
11.899306802479545
11.885889523020717
11.912558781332441
12.002529456189635
12.103302744731428
12.211616205316588
12.345786882820855
12.394897971681832
12.643979801672462
12.788799731171652
12.893569052567091
12.952947470172182
13.038016206675223
13.397178191901304
13.5005498274067
13.652311752984335
13.600881913359084
13.350770463361176
13.2371796220341
13.243018623469148
13.675623190462394
13.873978735291994
13.68557378436726
13.487110632009806
13.525556472388034
13.601398213835951
13.91054017385804
13.966210491270813
13.932191263164933
13.687249260210185
4.841944385948219
5.005449080164629
5.250000125464217
6.006212450581502
6.636101497603333
7.103456895494693
7.395455932569961
7.4482240501626364
7.222574342700242
7.469976771190012
7.8781556286645325
8.486549197682473
9.021461327968721
9.478615388499302
9.462576276233039
9.767397452362292
9.58044626049683
9.895928874663012
9.415317399758738
9.01205515373015
9.218320547592814
8.97527739420873
9.12841937641195
10.164561290732735
9.616830498935917
9.238232920986851
9.058941383883052
9.548784972548722
10.3881508766898
10.939314836261595
11.35285898959252
11.986797070586773
12.167551448987039
12.286267198425644
12.177063361351403
12.34956533168454
12.463973273030142
12.60234654870318
12.799467444060245
12.856528245749622
12.775639947056943
12.889441219402933
13.028818056723338
13.170184997491445
13.304688939453309
13.443464096275624
13.645414954397442
13.53783013813929
13.542649709162466
13.619786731666254
13.694026713231722
13.67284219189569
13.750104070088229
13.816714876657592
13.703266061485754
13.313505600909757
13.123351812889803
13.395036645788569
13.587801397210159
13.915215407831758
13.876512038828533
13.7638375739622
4.466694626784737
5.1606758508183
5.836400140530534
6.434752987051056
6.992369085181061
7.352201438062955
7.729823899057933
7.8500674615295125
7.831704823515407
7.732929338947962
8.169750223907469
9.00896142466989
9.157437241087585
9.609972126125774
9.266850939385893
9.494223308459507
9.525754916737904
9.535376647923627
9.356834650000636
9.262485500985868
8.819068532722165
9.154879215763096
9.759706778382077
9.383493581018703
9.209159014146476
9.178692437116055
8.893337391345373
9.644799493827179
10.760555045878498
11.555729161191717
11.79175656808051
12.145753013476996
12.764230166024872
12.938278621031019
12.509994649082433
12.593364056634698
12.835504220752595
13.169531642293684
13.292483034411106
13.283689083381795
13.395054021494158
13.105543249169024
13.468329196100127
13.628723660896627
13.62738143849999
13.742461508869422
13.637385111824578
13.457569327047676
13.454244445419517
13.537146278808773
13.645021900007235
13.995841888768869
14.07124637962532
13.944428036407043
13.657673645686994
13.598059754578705
13.47374738507201
13.563360772189862
13.842737930084878
13.90293453780776
13.985486211321245
13.863011847597011
13.688497340519032
4.923244248932155
5.732390294106276
6.2924217789478405
6.707293077069664
7.678582546020799
8.383615815247932
8.990630933179322
9.294074992290733
9.17664266742451
9.197825056529487
9.708577582103203
9.603304605303805
9.590240154785098
9.365317541451965
9.553807517295564
9.429283335476878
9.571148616167452
9.48446133772872
9.169349333896033
9.160598664200178
9.370340942463924
8.961898586831534
8.809116330826509
8.871689609568259
9.174196760128392
9.375016157818838
10.117508950175383
11.158398210227952
11.745492980542608
11.877401456174177
11.978008266283632
12.467810766584458
12.95434472293202
12.893894826442471
12.917044418700335
13.059427347883654
13.356129495200856
13.341020812711294
13.401653777644189
13.639609633262056
13.579132912342654
13.610543354662518
13.635866039551448
13.531736849583249
13.659779886792526
13.691630292313546
13.502131499388154
13.729017127526786
13.61428979260727
13.700219559560468
13.97144172480589
14.010269910634781
13.81929838752765
13.374516547974896
13.47349077119248
13.472488532563132
13.667465340086295
13.852643586438125
13.814102790343181
13.868717750549905
13.683174140991982
4.991490737281829
5.763348095250665
6.301357660333585
6.837809923467249
7.268314122119668
7.756624306973816
8.425131830107055
8.973159138110423
9.809143253484914
9.99690490944876
9.678132349161059
9.473656471949049
9.754798058543747
9.470802013626814
9.308685805636157
8.845118164717956
9.143403162225635
9.21257016064618
9.509505824286325
9.397474346043177
9.2842846707893
8.691518689570515
8.475318717802653
8.545045234618108
8.891399584075632
9.139474702270759
9.476591799139506
10.105586020785157
10.781352731354856
11.12970936593782
11.214677183991862
11.48219639242926
11.621754423139482
12.195954372937523
12.434314861308883
12.688393852132373
12.822407876371201
13.041381828614107
13.278264473539325
13.286370278080984
13.417197222190651
13.647568657502143
13.759942736745192
13.6264499874579
13.679375988810577
13.606649351975154
13.824061579582331
13.806357565026257
13.771551750226038
13.935362388487276
13.811443658801466
13.688431810309352
13.666408891078015
13.653796838837078
13.80055205064108
13.579109838226213
13.66691992714727
13.80495445095755
5.376053694522872
5.935478054265673
6.4511769476666565
6.995418400085498
7.324039172256519
7.7893367630683725
8.041876708718558
8.389608954339831
8.729447965216236
9.433834018943303
9.692288316467977
9.506344394092977
9.649499453523456
9.674660075429692
9.063138202902284
8.826397516951848
8.791687912833689
8.728313077019369
8.826870655786772
9.546712273898148
9.301626218339688
9.09185526956477
9.05088469276939
8.610349646182584
9.015401486240556
9.248376318181338
9.55585524936919
9.777733123820184
10.044865057550064
10.678855698706247
10.920764002431438
11.314289659466349
11.49234832131123
11.709403796852543
12.136415999135268
12.211524747823402
12.31556676621053
12.564668748078065
12.838208819992976
13.25339376709552
13.45106502993548
13.448550062399107
13.4765548580209
13.661419514030873
13.81610908953901
13.941114662823308
13.793422052173785
13.829352530529308
13.850896459442149
13.994470604090207
14.040963531187233
13.959469249511766
13.835438769631258
13.750127122817736
13.773144276217444
13.766637504596389
13.752612153740786
13.67949881320432
13.743561651329557
13.81840385616671
13.900554720471424
4.804053908899648
5.682857460729029
6.183947107336106
6.600949938834398
7.085508861988317
7.548683027321446
7.946711233443448
8.209369798459782
8.659971893061487
8.951397874127451
9.384620379528222
9.808788698984614
10.023425211629743
9.792543225332588
9.849936717879078
9.551337469617717
8.972259598335548
8.768879137511275
8.667464228685562
8.863828798027276
8.935288343251344
8.735136912441556
8.77973212856139
9.178141743650928
9.497370588034169
9.570992159767306
9.733593158693635
9.92601685092548
10.090997565779245
10.237711130292864
10.274653319341436
10.81616817290987
11.322257564891206
11.545641715031314
11.420542087444067
11.924114088097864
12.327069959139251
12.299796084996416
12.58847356347879
12.522391619580569
12.810151806116904
13.290934324122437
13.440950609305009
13.367358504291191
13.223839994400043
13.413620064459552
13.585746011676415
13.66760813422243
13.726987580349917
13.916651796372854
14.068627093513959
14.135925986657828
14.16899241127433
14.387364602293323
14.16267638540516
13.940511891036783
14.016920910497
13.972312287494018
13.858064600019913
13.91968309625493
4.458631701224905
4.992590434419391
5.193635405920298
6.0749557934420055
6.885143170404286
7.143123344708597
7.489011469931305
8.046652804510426
8.65962760444609
8.861454970337826
9.041866220682499
9.321289412649044
9.769526741270571
10.016582410096747
9.91551251529087
9.890940556802096
9.939425152129568
9.769048705744735
9.501157949742874
9.220169579291587
9.239465052015667
8.780399803834833
8.654491958733189
8.743247878462817
8.884213270128331
9.230161655553648
9.564016851829203
9.795657708218597
9.892312529480193
10.33247545718545
10.712453402655347
10.759542545830135
10.93220856011462
11.203538825301173
11.536163534975179
11.710375060918878
11.370018791470624
11.974013700430184
12.422295388984216
12.473028121758508
12.873606344990932
13.0462004895663
13.000473793272322
13.11075306741817
13.153826340300098
13.205210433062629
13.237741202869206
13.241803236889803
13.217967308153039
13.203292938736299
13.41045250172952
13.779659093244028
14.104929639147189
14.171236895640282
14.271865425014816
14.499958680321782
14.484872291748891
14.322375145174005
14.248222275355845
14.115904064657995
14.029964457039013
14.058902214990393
14.118829106719117
4.823527543978203
5.687682663316474
6.514798484544083
7.5957499449801205
7.75639805024132
7.995829652908973
8.82572434161388
9.328404666262914
9.362770442286163
9.533244836753815
9.581706830354392
9.907009094269176
10.342869039804777
10.064383510089318
10.016600298543727
10.134251503258517
10.231598657006733
9.963176914241975
9.49922509695904
9.12719657340864
9.00825519803764
9.154343480147281
9.100472090420787
9.464104075974891
9.593832089893585
9.60170785286882
9.947024418880636
10.292193212283253
10.553816067086672
10.992650582860787
11.177166047577865
11.452360175048423
11.60688382262852
11.738757719315819
11.970371938635115
12.072172423360154
12.173080308145957
12.376348093280559
12.56253295201226
13.046351467299838
12.98327173555557
13.130523845115514
12.998186702385429
13.03325103078506
13.14652282389082
13.13375564776754
13.102020663268114
13.051533999907301
13.018811346959207
13.329614715433241
13.59387911191186
13.85410150174247
14.077200981210371
14.252421459174247
14.376221044617772
14.413664314003794
14.37341537447058
14.392006666463002
14.33430747209413
14.210205714923351
14.221499154326523
14.259553096932585
14.307776474651554
4.478092819851687
4.79356389725897
5.20834801725297
6.281864988979889
6.8638219313443285
7.925727665330029
8.277459742734994
8.513485324878923
9.222262540805163
9.395891895479329
9.603636165930842
9.682786462234159
9.837719229800754
10.163865763291367
10.17441370356369
10.200192760133492
10.192733709313066
10.156979916420836
10.0092189440524
9.780264666255329
9.69355398639923
9.665224184487483
9.898209237391477
10.124359255387157
10.319470423325965
10.640970035290415
10.932149337512511
10.78409053471301
10.974347500729776
11.111648902148067
11.086930636458407
11.005191180155553
11.242802077601521
11.559814475997404
11.92156211552506
11.91101074096979
12.220610631368485
12.548430815073047
12.63891863886459
12.6760864693951
12.796474204717315
13.003562419849745
12.944613222175224
13.066898844444589
12.956915841955448
12.902236468054706
13.066899468319766
13.07861732232339
13.136966066725222
13.137628322748952
13.1579447739707
13.37532811341772
13.63113641851574
13.818029462503741
13.991171332461574
14.211785094150287
14.281205365460648
14.3043027571416
14.2866241225172
14.252936959146044
14.300827583280842
14.35056631470617
14.36841726381843
14.43045810376782
14.504574175777194
